2 0.509107 0.656348 0.032315 0.036834
2 0.449471 0.678292 0.035253 0.039969
2 0.429495 0.775078 0.041128 0.045455
2 0.497356 0.822492 0.041716 0.052508
2 0.433608 0.875784 0.043478 0.052508
2 0.346945 0.867163 0.041716 0.047806
2 0.316392 0.782132 0.035840 0.047022
2 0.504113 0.568574 0.034078 0.033699
2 0.439483 0.550549 0.029377 0.030564
2 0.472973 0.501176 0.028202 0.025862
2 0.266451 0.834639 0.039365 0.050157
2 0.272327 0.727665 0.037015 0.039969
2 0.367215 0.686129 0.037603 0.041536
2 0.212691 0.774295 0.038778 0.042320
2 0.488249 0.728448 0.035253 0.043103
2 0.442421 0.610110 0.032902 0.035266
2 0.371034 0.599922 0.033490 0.032132
2 0.428613 0.468652 0.026439 0.025078
2 0.379260 0.481583 0.029965 0.030564
2 0.287015 0.666536 0.038190 0.039969
2 0.220623 0.692790 0.037015 0.040752
2 0.142773 0.745298 0.041128 0.042320
2 0.169800 0.663401 0.034078 0.033699
2 0.123090 0.626176 0.035840 0.037618
2 0.178907 0.579154 0.029965 0.032915
2 0.232961 0.608934 0.037015 0.032915
2 0.306110 0.590517 0.034078 0.036834
2 0.111927 0.688088 0.038190 0.036050
2 0.247356 0.544671 0.030552 0.028213
2 0.205347 0.512147 0.029965 0.027429
2 0.142186 0.499608 0.030552 0.027429
2 0.193302 0.451019 0.030552 0.027429
2 0.260282 0.467476 0.030552 0.027429
2 0.231199 0.400862 0.031140 0.025862
2 0.288778 0.415752 0.032315 0.025862
2 0.293184 0.360110 0.025852 0.019592
2 0.224736 0.352665 0.026439 0.017241
2 0.366334 0.396944 0.027615 0.024295
2 0.317274 0.467085 0.030552 0.029781
2 0.321387 0.520376 0.030552 0.031348
2 0.140423 0.827194 0.042303 0.047806
2 0.059929 0.805251 0.038778 0.046238
2 0.378378 0.537618 0.032902 0.029781
2 0.463278 0.418887 0.026439 0.024295
2 0.481492 0.361677 0.025264 0.027429
2 0.445652 0.375000 0.028790 0.024295
2 0.392479 0.369514 0.024677 0.022727
2 0.341069 0.369906 0.027615 0.023511
2 0.423619 0.335423 0.025852 0.023511
2 0.452115 0.291144 0.024089 0.022727
2 0.382785 0.320533 0.027615 0.020376
2 0.334313 0.327586 0.024677 0.021944
2 0.263514 0.327978 0.026439 0.021160
2 0.296416 0.313871 0.025264 0.018025
2 0.408931 0.293103 0.024677 0.018809
2 0.403643 0.424765 0.029377 0.026646
2 0.165394 0.375784 0.027615 0.014890
2 0.225323 0.314655 0.025264 0.018025
2 0.346945 0.278605 0.024089 0.019592
2 0.256169 0.294671 0.022327 0.018809
0 0.611340 0.175940 0.543478 0.350313
2 0.222973 0.280564 0.024089 0.018809
2 0.202703 0.233542 0.025852 0.015674
2 0.164512 0.206113 0.023502 0.015674
2 0.195065 0.185345 0.021152 0.019592
2 0.233549 0.189655 0.021739 0.017241
2 0.237368 0.217085 0.018801 0.018809
2 0.233255 0.246082 0.021152 0.018809
2 0.268508 0.234326 0.024677 0.017241
2 0.269683 0.262931 0.023502 0.019592
2 0.278496 0.194357 0.023502 0.021944
2 0.311692 0.244906 0.022914 0.021160
2 0.309342 0.276646 0.026439 0.021944
2 0.327262 0.186520 0.025852 0.017241
2 0.363984 0.184561 0.019389 0.014890
2 0.349589 0.210815 0.022327 0.017241
2 0.132785 0.559953 0.032902 0.032132
2 0.192714 0.264498 0.023502 0.016458