0 0.622209 0.360110 0.474736 0.326803
2 0.335781 0.433777 0.021739 0.016458
2 0.364277 0.466693 0.019976 0.018025
2 0.332844 0.461207 0.021739 0.018025
2 0.370740 0.440047 0.019976 0.018025
2 0.373090 0.403213 0.018801 0.016458
2 0.355758 0.380878 0.018214 0.014107
2 0.385429 0.383229 0.018801 0.012539
2 0.414219 0.482367 0.019976 0.018025
2 0.451528 0.482367 0.019389 0.019592
2 0.583137 0.546238 0.012338 0.026646
2 0.348120 0.510188 0.020564 0.020376
2 0.319624 0.494906 0.022327 0.019592
2 0.286428 0.476881 0.020564 0.018025
2 0.301116 0.447884 0.022914 0.021160
2 0.302585 0.422022 0.019976 0.016458
2 0.313455 0.385188 0.019389 0.016458
2 0.277321 0.378135 0.019976 0.013323
2 0.245300 0.373824 0.018214 0.014107
2 0.218273 0.391066 0.019389 0.012539
2 0.248531 0.417712 0.017626 0.012539
2 0.277908 0.403997 0.018801 0.014890
2 0.272033 0.430643 0.018801 0.013323
2 0.235605 0.444749 0.022327 0.013323
2 0.259988 0.462774 0.021739 0.014890
2 0.259107 0.492555 0.018801 0.016458
2 0.289659 0.506661 0.022327 0.018025
2 0.367509 0.574451 0.024089 0.020376
2 0.348707 0.547414 0.021739 0.019592
2 0.256757 0.570141 0.027027 0.024295
2 0.175969 0.650862 0.025264 0.024295
2 0.149824 0.759796 0.030552 0.032132
2 0.226204 0.666928 0.029377 0.025078
2 0.257932 0.694357 0.027027 0.031348
2 0.200646 0.722571 0.027615 0.029781
2 0.164806 0.700235 0.029965 0.027429
2 0.240893 0.753527 0.030552 0.030564
2 0.301998 0.740596 0.029377 0.032915
2 0.321680 0.633621 0.027615 0.027429
2 0.302879 0.586207 0.028790 0.025078
2 0.274383 0.629702 0.027027 0.024295
2 0.373384 0.648511 0.031140 0.024295
2 0.396886 0.600313 0.025264 0.025078
2 0.413043 0.640674 0.023502 0.025862
2 0.392479 0.432602 0.014101 0.014107
2 0.416569 0.460031 0.016451 0.018809
2 0.388954 0.505094 0.022327 0.018025
2 0.423032 0.520768 0.021152 0.022727
2 0.392773 0.547806 0.020564 0.020376
2 0.435076 0.557994 0.024089 0.021944
2 0.468860 0.545846 0.022327 0.024295
2 0.447121 0.597962 0.021152 0.023511
2 0.319330 0.681426 0.024089 0.027429
2 0.365746 0.698668 0.027615 0.027429
2 0.414512 0.713558 0.022914 0.028997
2 0.446533 0.673589 0.023502 0.022727
2 0.464160 0.738636 0.025852 0.028997
2 0.409518 0.769201 0.025852 0.032132
2 0.353408 0.755486 0.029965 0.032915
2 0.279083 0.805643 0.030552 0.034483
2 0.340776 0.830721 0.036428 0.036050
2 0.408931 0.829154 0.032902 0.039185
2 0.461810 0.813480 0.030552 0.036050
2 0.221798 0.613636 0.026439 0.025078
2 0.206816 0.544279 0.021152 0.018025
2 0.193008 0.458856 0.024089 0.011755
2 0.088425 0.910266 0.032315 0.038401
2 0.148649 0.933777 0.032902 0.039969
2 0.210341 0.893025 0.037603 0.038401
2 0.248825 0.950235 0.034665 0.043103
2 0.292303 0.906348 0.029965 0.030564
2 0.311105 0.979624 0.029965 0.039185
2 0.260870 0.859326 0.029377 0.035266
2 0.224148 0.826411 0.027615 0.033699
2 0.187133 0.792712 0.029965 0.027429
2 0.159518 0.862069 0.032315 0.034483
2 0.137779 0.814655 0.031140 0.027429
2 0.384254 0.910266 0.031727 0.036834
2 0.435664 0.878135 0.027615 0.038401
2 0.436839 0.954154 0.032315 0.041536