1 0.324031 0.438088 0.100470 0.145768
0 0.519095 0.317398 0.548179 0.431034
2 0.236193 0.246473 0.017626 0.021160
2 0.265570 0.125392 0.014101 0.015674
2 0.142773 0.119122 0.015276 0.010972
2 0.133079 0.141458 0.017039 0.011755
2 0.151880 0.153605 0.015864 0.010972
2 0.137192 0.177508 0.015864 0.010188
2 0.110458 0.132837 0.016451 0.010188
2 0.175382 0.123041 0.017039 0.010972
2 0.157462 0.079937 0.016451 0.010972
2 0.132197 0.088558 0.012926 0.010972
2 0.121328 0.107367 0.013514 0.010972
2 0.101645 0.093260 0.016451 0.007837
2 0.086957 0.114028 0.014101 0.008621
2 0.164512 0.097179 0.015276 0.009404
2 0.180082 0.078370 0.014689 0.009404
2 0.142773 0.068574 0.014101 0.008621
2 0.202409 0.117947 0.017039 0.008621
2 0.181551 0.109718 0.015276 0.009404
2 0.017039 0.173197 0.015276 0.010972
2 0.044066 0.150470 0.017626 0.010972
2 0.060517 0.127743 0.017626 0.010972
2 0.079318 0.140282 0.017626 0.009404
2 0.115746 0.161050 0.017626 0.008621
2 0.081962 0.161050 0.017039 0.010188
2 0.052879 0.167320 0.017626 0.010188
2 0.095476 0.187696 0.018214 0.013323
2 0.119859 0.200627 0.015276 0.012539
2 0.149530 0.193966 0.017039 0.011755
2 0.178320 0.159091 0.017039 0.009404
2 0.179201 0.179467 0.017626 0.010972
2 0.188895 0.139107 0.015864 0.011755
2 0.147767 0.213950 0.014689 0.012539
2 0.178907 0.210031 0.018214 0.014107
2 0.166863 0.235893 0.017626 0.010972
2 0.128966 0.239028 0.017039 0.014107
2 0.060223 0.185737 0.017039 0.010972
2 0.067568 0.210423 0.017626 0.011755
2 0.093420 0.226881 0.017626 0.013323
2 0.089894 0.262147 0.018801 0.014890
2 0.041422 0.284091 0.018214 0.013323
2 0.021739 0.265674 0.018801 0.012539
2 0.051704 0.247649 0.018801 0.012539
2 0.043184 0.226881 0.018214 0.011755
2 0.028790 0.192790 0.018801 0.010972
2 0.031140 0.208856 0.015276 0.013323
2 0.010282 0.233542 0.019389 0.012539
2 0.212397 0.099922 0.013514 0.008621
2 0.191539 0.090517 0.015276 0.008621
2 0.225029 0.115987 0.014101 0.010972
2 0.215041 0.134404 0.015276 0.011755
2 0.209166 0.150470 0.017626 0.012539
2 0.230024 0.087382 0.015864 0.010188
2 0.204172 0.047806 0.015864 0.009404
2 0.172444 0.050940 0.015864 0.009404
2 0.066980 0.367947 0.015276 0.021160
2 0.014395 0.365596 0.014689 0.021160
2 0.165394 0.064263 0.013514 0.007837
2 0.148649 0.053292 0.015276 0.007837
2 0.193302 0.062304 0.014101 0.008621
2 0.218273 0.058386 0.014689 0.008621
2 0.205347 0.068966 0.013514 0.009404
2 0.174207 0.023119 0.014689 0.007053
2 0.202409 0.018417 0.013514 0.007053
2 0.189189 0.034483 0.014101 0.007837
2 0.166863 0.035266 0.014101 0.006270
2 0.364571 0.171238 0.012338 0.016458