1 0.441246 0.481975 0.157462 0.114420
0 0.559342 0.343260 0.495887 0.446708
2 0.241481 0.523903 0.022327 0.028997
2 0.217391 0.494514 0.022327 0.025078
2 0.184195 0.507053 0.025264 0.029781
2 0.208578 0.440439 0.023502 0.028213
2 0.261163 0.490596 0.019389 0.026646
2 0.089894 0.525862 0.021152 0.028213
2 0.122797 0.521552 0.018801 0.022727
2 0.036428 0.356191 0.023502 0.016458
2 0.321680 0.305251 0.017039 0.016458
2 0.284959 0.173589 0.016451 0.013323
2 0.244418 0.235110 0.018801 0.009404
2 0.180964 0.242947 0.018801 0.014107
2 0.130435 0.233934 0.022327 0.010188
2 0.164219 0.223354 0.019389 0.010972
2 0.212397 0.230016 0.020564 0.010188
2 0.237955 0.211991 0.018801 0.011755
2 0.202703 0.213166 0.018801 0.010972
2 0.183608 0.200627 0.019389 0.010972
2 0.141011 0.206113 0.018801 0.010972
2 0.121328 0.222962 0.019389 0.010188
2 0.210047 0.192006 0.018214 0.009404
2 0.238837 0.178683 0.015864 0.010972
2 0.118390 0.189655 0.017039 0.009404
2 0.103995 0.206505 0.018801 0.010188
2 0.177732 0.189263 0.019389 0.011755