1 0.548472 0.475313 0.156874 0.085423
0 0.618096 0.325627 0.398355 0.400470
2 0.334313 0.623433 0.025852 0.027429
2 0.341951 0.576803 0.023502 0.023511
2 0.344007 0.535266 0.020564 0.018809
2 0.424794 0.643025 0.015276 0.025862
2 0.249119 0.714342 0.025852 0.033699
2 0.222092 0.689655 0.024677 0.031348
2 0.213572 0.644984 0.020564 0.028213
2 0.252644 0.603056 0.023502 0.032132
2 0.259988 0.655956 0.022914 0.031348
2 0.286722 0.603056 0.021152 0.027429
2 0.125734 0.322100 0.018801 0.012539
2 0.088132 0.339342 0.021152 0.014107
2 0.174207 0.315047 0.020564 0.015674
2 0.145123 0.332288 0.018801 0.012539
2 0.114277 0.344828 0.017039 0.012539
2 0.168919 0.347962 0.019389 0.014107
2 0.139542 0.364812 0.019389 0.014890
2 0.074324 0.366771 0.018214 0.014107
2 0.101058 0.371865 0.018801 0.013323
2 0.197415 0.329154 0.017626 0.012539
2 0.194477 0.360502 0.019976 0.014107
2 0.021739 0.339342 0.018801 0.014107
2 0.049060 0.351881 0.017039 0.014107
2 0.031434 0.373433 0.019389 0.011755
2 0.158931 0.376959 0.020564 0.014107
2 0.250881 0.284875 0.017626 0.014890
2 0.229142 0.313871 0.017626 0.014890
2 0.222092 0.340517 0.017626 0.013323
2 0.223854 0.360110 0.018801 0.013323
2 0.254994 0.324060 0.018801 0.013323
2 0.284959 0.331897 0.017626 0.014890
2 0.315805 0.336207 0.018214 0.010972
2 0.257051 0.353056 0.018214 0.014890
2 0.288778 0.357759 0.019389 0.014890
2 0.292891 0.383621 0.020564 0.014890
2 0.253819 0.385972 0.018801 0.014890
2 0.251469 0.414577 0.019976 0.017241
2 0.189777 0.398903 0.018801 0.017241
2 0.209459 0.420063 0.019389 0.017241
2 0.215335 0.445141 0.018214 0.015674
2 0.146592 0.405564 0.019389 0.014890
2 0.162750 0.424373 0.018801 0.013323
2 0.173913 0.454937 0.018801 0.018025
2 0.124853 0.384796 0.020564 0.012539
2 0.049941 0.391850 0.019976 0.014107
2 0.087838 0.393417 0.022914 0.009404
2 0.105464 0.411834 0.020564 0.010188
2 0.125734 0.433386 0.018801 0.012539
2 0.133666 0.460423 0.021739 0.013323
2 0.154818 0.485110 0.019389 0.017241
2 0.195946 0.475705 0.019389 0.015674
2 0.172150 0.514890 0.018801 0.015674
2 0.030259 0.313871 0.017039 0.013323
2 0.054054 0.325627 0.016451 0.014890
2 0.061986 0.307210 0.017039 0.015674
2 0.357814 0.409875 0.014101 0.021944
2 0.605758 0.287618 0.017626 0.021944
2 0.670975 0.365987 0.009401 0.020376
2 0.747062 0.388715 0.011163 0.021944
2 0.758813 0.358542 0.011163 0.019592
2 0.773208 0.263715 0.011751 0.016458