1 0.392186 0.536442 0.183901 0.046238
0 0.415981 0.358150 0.370153 0.457680
0 0.781140 0.323276 0.437720 0.458464
2 0.258813 0.840909 0.026439 0.034483
2 0.305229 0.851881 0.027615 0.034483
2 0.346063 0.818182 0.023502 0.029781
2 0.398355 0.820533 0.028202 0.034483
2 0.447709 0.785658 0.023502 0.025862
2 0.496475 0.792320 0.025852 0.029781
2 0.544360 0.799373 0.026439 0.029781
2 0.591951 0.821708 0.026439 0.032132
2 0.624559 0.780564 0.027027 0.036050
2 0.642479 0.832680 0.026439 0.033699
2 0.668038 0.784875 0.025852 0.028997
2 0.689189 0.852273 0.028202 0.033699
2 0.856933 0.733150 0.026439 0.030564
2 0.900411 0.775078 0.027615 0.028213
2 0.845182 0.874608 0.019389 0.037618
2 0.282609 0.786050 0.028202 0.031348
2 0.277908 0.703762 0.023502 0.028213
2 0.256169 0.742555 0.024677 0.032132
2 0.297885 0.734326 0.025852 0.031348
2 0.335781 0.773119 0.027615 0.032132
2 0.363102 0.722962 0.025852 0.027429
2 0.388954 0.766066 0.028202 0.032132
2 0.386604 0.662226 0.024677 0.026646
2 0.401880 0.703762 0.025852 0.026646
2 0.432139 0.745690 0.027615 0.030564
2 0.427732 0.663401 0.022327 0.024295
2 0.443008 0.611285 0.021152 0.023511
2 0.486193 0.571317 0.022914 0.025078
2 0.479436 0.612853 0.024677 0.026646
2 0.472385 0.657524 0.023502 0.026646
2 0.463866 0.704545 0.022914 0.026646
2 0.479142 0.739812 0.024089 0.026646
2 0.505582 0.702978 0.022914 0.025078
2 0.533490 0.745298 0.025852 0.031348
2 0.518508 0.653997 0.022914 0.024295
2 0.522033 0.609326 0.021739 0.022727
2 0.523796 0.565439 0.020564 0.022727
2 0.554935 0.632053 0.024089 0.022727
2 0.573149 0.599922 0.021739 0.024295
2 0.569330 0.554859 0.023502 0.023511
2 0.602526 0.539577 0.020564 0.019592
2 0.604289 0.583464 0.020564 0.022727
2 0.612515 0.639107 0.024089 0.025862
2 0.641011 0.608150 0.018801 0.025078
2 0.642479 0.675549 0.025264 0.028213
2 0.561692 0.703370 0.025852 0.028997
2 0.613102 0.713166 0.022914 0.025078
2 0.646592 0.733934 0.027615 0.030564
2 0.580494 0.755878 0.027027 0.030564
2 0.462691 0.518809 0.021739 0.015674
2 0.240306 0.617163 0.018801 0.027429
2 0.406580 0.317790 0.016451 0.022727
2 0.333431 0.725313 0.021739 0.030564