0 0.236780 0.391066 0.472385 0.445141
0 0.721798 0.418103 0.512926 0.369122
1 0.911281 0.526254 0.057579 0.123041
2 0.477086 0.690439 0.017626 0.025078
2 0.470035 0.730408 0.015276 0.023511
2 0.549354 0.756270 0.022327 0.028213
2 0.538190 0.791144 0.023502 0.030564
2 0.575793 0.780564 0.022327 0.029781
2 0.572562 0.829937 0.024089 0.028213
2 0.561692 0.883229 0.027027 0.031348
2 0.609577 0.889498 0.027615 0.032915
2 0.621328 0.815439 0.025264 0.028997
2 0.643361 0.854232 0.024677 0.029781
2 0.635429 0.768417 0.022914 0.024295
2 0.643948 0.710815 0.023502 0.023511
2 0.667450 0.745690 0.024677 0.025862
2 0.671563 0.802116 0.025852 0.028997
2 0.693302 0.851097 0.027027 0.029781
2 0.707697 0.780956 0.024089 0.025862
2 0.684783 0.707288 0.022914 0.021160
2 0.680376 0.576411 0.019976 0.010188
2 0.685664 0.660266 0.022327 0.021160
2 0.719154 0.621082 0.022327 0.022727
2 0.722973 0.658699 0.022914 0.022727
2 0.726204 0.699451 0.024677 0.022727
2 0.727086 0.741379 0.022914 0.023511
2 0.732080 0.814263 0.025852 0.023511
2 0.752644 0.771160 0.025852 0.023511
2 0.767920 0.735893 0.024677 0.023511
2 0.767920 0.691223 0.024677 0.023511
2 0.762632 0.652038 0.021152 0.020376
2 0.753525 0.613245 0.020564 0.018025
2 0.795241 0.597571 0.020564 0.019592
2 0.823443 0.583464 0.020564 0.016458
2 0.801704 0.668887 0.022914 0.021160
2 0.808167 0.638715 0.020564 0.021944
2 0.834019 0.620690 0.022914 0.020376
2 0.876910 0.638715 0.020564 0.021944
2 0.853408 0.669279 0.022914 0.020376
2 0.821680 0.731975 0.025264 0.025078
2 0.803760 0.770376 0.027027 0.026646
2 0.780259 0.815439 0.030552 0.027429
2 0.826381 0.819357 0.026439 0.024295
2 0.852820 0.775862 0.026439 0.026646
2 0.873972 0.736677 0.024089 0.020376
2 0.891304 0.698276 0.024677 0.023511
2 0.913337 0.750000 0.026439 0.026646
2 0.902468 0.793887 0.025852 0.029781
2 0.945358 0.793887 0.025852 0.026646
2 0.879847 0.834248 0.029965 0.032132
2 0.564924 0.637147 0.013514 0.021944