0 0.202703 0.393025 0.401880 0.449060
0 0.670975 0.465909 0.540541 0.365987
2 0.222385 0.830329 0.028790 0.028997
2 0.269976 0.832288 0.025264 0.028213
2 0.257344 0.776254 0.028202 0.028997
2 0.239424 0.734718 0.025264 0.027429
2 0.268801 0.704154 0.024089 0.027429
2 0.271152 0.637539 0.018214 0.025862
2 0.282315 0.732759 0.026439 0.031348
2 0.305229 0.779389 0.027615 0.030564
2 0.316980 0.817790 0.026439 0.027429
2 0.348707 0.721787 0.027615 0.025078
2 0.354583 0.760972 0.027615 0.029781
2 0.368978 0.801724 0.029377 0.026646
2 0.375441 0.679467 0.023502 0.023511
2 0.421563 0.679075 0.024089 0.024295
2 0.391304 0.714734 0.027027 0.023511
2 0.399824 0.763715 0.026439 0.025862
2 0.417744 0.798589 0.027027 0.023511
2 0.448590 0.638715 0.022914 0.021944
2 0.481786 0.596787 0.023502 0.019592
2 0.530259 0.608542 0.022914 0.022727
2 0.583431 0.597962 0.023502 0.021944
2 0.637779 0.593652 0.020564 0.021160
2 0.617803 0.628135 0.022914 0.022727
2 0.640717 0.661834 0.026439 0.028997
2 0.581081 0.639107 0.023502 0.024295
2 0.528790 0.644984 0.024677 0.023511
2 0.489424 0.634404 0.023502 0.022727
2 0.469448 0.681818 0.023502 0.023511
2 0.449177 0.722571 0.022914 0.025078
2 0.458872 0.760580 0.028202 0.022727
2 0.462691 0.831113 0.028790 0.030564
2 0.486486 0.724922 0.023502 0.023511
2 0.517626 0.684169 0.023502 0.023511
2 0.558461 0.668887 0.024089 0.024295
2 0.600470 0.688871 0.025852 0.026646
2 0.638073 0.718652 0.027027 0.028213
2 0.547297 0.735502 0.027615 0.030564
2 0.594595 0.729232 0.025852 0.024295
2 0.506463 0.767241 0.028202 0.029781
2 0.513220 0.823668 0.029965 0.029781
2 0.556992 0.780172 0.028202 0.030564
2 0.637192 0.781348 0.028790 0.032915
2 0.598707 0.818182 0.031727 0.032915
2 0.558167 0.854624 0.028202 0.033699
2 0.647767 0.835815 0.028790 0.025862
2 0.611927 0.876959 0.029965 0.032915
2 0.662750 0.917712 0.031727 0.040752
2 0.882491 0.803683 0.031727 0.035266
2 0.927732 0.858542 0.031727 0.038401