0 0.338132 0.434169 0.362515 0.280564
0 0.606052 0.534875 0.434195 0.228056
2 0.442714 0.742163 0.020564 0.018809
2 0.482961 0.742947 0.021152 0.021944
2 0.497944 0.707288 0.020564 0.016458
2 0.517920 0.721787 0.019389 0.014107
2 0.452996 0.708856 0.019976 0.018025
2 0.464454 0.683777 0.020564 0.019592
2 0.446240 0.669671 0.018214 0.016458
2 0.430082 0.686129 0.021152 0.018025
2 0.427732 0.649295 0.016451 0.019592
2 0.510282 0.678292 0.019389 0.014890
2 0.527908 0.650078 0.019389 0.013323
2 0.531140 0.693574 0.019976 0.015674
2 0.544360 0.670455 0.019389 0.013323
2 0.555229 0.713166 0.018801 0.014107
2 0.560811 0.647727 0.018214 0.013323
2 0.572268 0.689655 0.021152 0.014107
2 0.572268 0.625784 0.017626 0.014890
2 0.594301 0.668103 0.018214 0.013323
2 0.598707 0.643025 0.018801 0.013323
2 0.599882 0.617555 0.018801 0.014107
2 0.594301 0.595219 0.017039 0.011755
2 0.628085 0.601097 0.017626 0.012539
2 0.666569 0.591693 0.018214 0.012539
2 0.709753 0.585423 0.016451 0.012539
2 0.698002 0.603840 0.017626 0.011755
2 0.675088 0.613636 0.017626 0.012539
2 0.638073 0.619906 0.017626 0.010972
2 0.633373 0.639498 0.018801 0.012539
2 0.623678 0.664577 0.019389 0.012539
2 0.611927 0.684169 0.018214 0.010972
2 0.590482 0.706897 0.017626 0.010972
2 0.627203 0.720219 0.022914 0.015674
2 0.650999 0.685737 0.021152 0.015674
2 0.669800 0.664577 0.019976 0.014107
2 0.664806 0.630486 0.018214 0.011755
2 0.698590 0.640282 0.017626 0.012539
2 0.717979 0.620298 0.017626 0.013323
2 0.736486 0.652429 0.020564 0.016458
2 0.705053 0.663793 0.018801 0.014107
2 0.690364 0.690831 0.022327 0.018025
2 0.662162 0.714342 0.019976 0.016458
2 0.701528 0.726097 0.022327 0.018025
2 0.726792 0.706113 0.019976 0.017241
2 0.747650 0.684953 0.020564 0.015674
2 0.764395 0.713166 0.018801 0.018809
2 0.897767 0.787618 0.021152 0.034483
2 0.918919 0.675940 0.019976 0.014890
2 0.948296 0.701019 0.022327 0.016458