0 0.284078 0.406740 0.417744 0.336991
0 0.595182 0.547022 0.467685 0.293103
2 0.430670 0.742163 0.018801 0.023511
2 0.461516 0.794671 0.021739 0.025078
2 0.485605 0.816614 0.022914 0.028213
2 0.477086 0.855408 0.024677 0.025862
2 0.538190 0.804075 0.021152 0.021944
2 0.554348 0.759404 0.020564 0.023511
2 0.598120 0.718260 0.018801 0.016458
2 0.620447 0.675940 0.019976 0.019592
2 0.658049 0.681426 0.018801 0.018025
2 0.699765 0.668887 0.018801 0.018025
2 0.745006 0.657524 0.018801 0.014107
2 0.736780 0.684561 0.019976 0.018025
2 0.673619 0.708856 0.019389 0.016458
2 0.630141 0.707680 0.021739 0.018809
2 0.633373 0.747649 0.021152 0.018809
2 0.592244 0.756661 0.021152 0.019592
2 0.576675 0.789577 0.022914 0.021160
2 0.529377 0.850705 0.024677 0.024295
2 0.518801 0.905564 0.024677 0.027429
2 0.468860 0.909091 0.025852 0.028213
2 0.446240 0.821708 0.022914 0.028997
2 0.554642 0.872649 0.022327 0.022727
2 0.565805 0.827586 0.024677 0.025078
2 0.596357 0.855799 0.022327 0.021944
2 0.612515 0.820533 0.025264 0.026646
2 0.633373 0.785658 0.022327 0.024295
2 0.636898 0.844828 0.024677 0.018809
2 0.658637 0.810737 0.019976 0.021160
2 0.665981 0.777821 0.021739 0.019592
2 0.672444 0.739812 0.021739 0.018809
2 0.706522 0.726489 0.024089 0.018809
2 0.713866 0.701019 0.018801 0.018025
2 0.762338 0.709639 0.018214 0.019592
2 0.745006 0.739028 0.021152 0.018809
2 0.716804 0.773511 0.022327 0.018809
2 0.699765 0.808777 0.023502 0.021944
2 0.682139 0.864420 0.027027 0.026646
2 0.717098 0.851881 0.025264 0.021944
2 0.745300 0.815439 0.024089 0.024295
2 0.757344 0.771160 0.022327 0.017241
2 0.788778 0.756661 0.020564 0.019592
2 0.806698 0.802508 0.023502 0.025078
2 0.789072 0.836599 0.021152 0.024295
2 0.765276 0.868339 0.025264 0.026646
2 0.811692 0.876176 0.026439 0.025078
2 0.831962 0.843260 0.025852 0.021944