0 0.202409 0.398119 0.234430 0.327586
0 0.650411 0.504702 0.359577 0.293103
2 0.643067 0.740204 0.013514 0.018025
2 0.629847 0.779389 0.012926 0.018025
2 0.667450 0.824060 0.014101 0.013323
2 0.705347 0.784875 0.015864 0.021160
2 0.711516 0.811912 0.016451 0.018809
2 0.728261 0.794279 0.015864 0.019592
2 0.740306 0.826411 0.017626 0.019592
2 0.754407 0.865204 0.017626 0.021944
2 0.779377 0.847962 0.018214 0.020376
2 0.765570 0.807210 0.015276 0.017241
2 0.753525 0.770376 0.015864 0.017241
2 0.747944 0.730799 0.015276 0.018025
2 0.757051 0.684953 0.014689 0.015674
2 0.754407 0.642633 0.014101 0.015674
2 0.709459 0.612853 0.011163 0.009404
2 0.777615 0.635188 0.015864 0.013323
2 0.771152 0.665361 0.015864 0.017241
2 0.797591 0.614812 0.013514 0.014890
2 0.818155 0.592085 0.014689 0.014890
2 0.823737 0.618339 0.014101 0.015674
2 0.817274 0.639107 0.014101 0.016458
2 0.796416 0.656740 0.014689 0.014107
2 0.822855 0.663401 0.014689 0.014890
2 0.847826 0.634404 0.012926 0.016458
2 0.847239 0.662226 0.016451 0.015674
2 0.876028 0.664577 0.014101 0.015674
2 0.862221 0.683777 0.014689 0.013323
2 0.842538 0.696708 0.014101 0.017241
2 0.807873 0.682210 0.015276 0.016458
2 0.788484 0.697884 0.016451 0.016458
2 0.770270 0.719044 0.016451 0.016458
2 0.771739 0.748433 0.014689 0.018809
2 0.799354 0.727273 0.014689 0.017241
2 0.816392 0.714342 0.015864 0.018025
2 0.779965 0.779781 0.014689 0.018809
2 0.802879 0.760580 0.015864 0.018025
2 0.824618 0.741771 0.015864 0.018025
2 0.844007 0.728056 0.015864 0.017241
2 0.824031 0.772335 0.015864 0.016458
2 0.805817 0.791144 0.017039 0.018025
2 0.789953 0.815047 0.015864 0.018809
2 0.851939 0.774295 0.015276 0.017241
2 0.865452 0.752743 0.016451 0.014890
2 0.870740 0.722962 0.015276 0.016458
2 0.896298 0.694357 0.014689 0.017241
2 0.897767 0.723746 0.016451 0.016458
2 0.894242 0.754310 0.017626 0.019592
2 0.918038 0.718260 0.017039 0.018025
2 0.918331 0.747257 0.017626 0.018025
2 0.949765 0.803292 0.014689 0.020376
2 0.800823 0.876959 0.015276 0.020376
2 0.839600 0.861677 0.015276 0.019592
2 0.687133 0.961207 0.015864 0.022727
2 0.724736 0.943966 0.017039 0.024295
2 0.711810 0.741379 0.013514 0.020376