0 0.339894 0.340517 0.058167 0.179467
0 0.723267 0.538009 0.425382 0.309561
2 0.529965 0.673197 0.014101 0.018809
2 0.538778 0.720219 0.015276 0.018809
2 0.524089 0.740204 0.016451 0.018025
2 0.552291 0.741771 0.016451 0.019592
2 0.540834 0.768417 0.017039 0.018025
2 0.528790 0.806034 0.016451 0.021160
2 0.562280 0.812304 0.017626 0.019592
2 0.577850 0.773903 0.018214 0.019592
2 0.591363 0.740596 0.017039 0.017241
2 0.591951 0.795063 0.014689 0.018025
2 0.606639 0.764498 0.018214 0.018025
2 0.609577 0.710423 0.015864 0.016458
2 0.621328 0.738245 0.017039 0.017241
2 0.623678 0.791144 0.018214 0.016458
2 0.641598 0.766850 0.017626 0.018025
2 0.639542 0.716301 0.018214 0.017241
2 0.651880 0.685345 0.015864 0.016458
2 0.676557 0.654389 0.015864 0.014107
2 0.678026 0.682602 0.017626 0.015674
2 0.672444 0.715517 0.015864 0.015674
2 0.664806 0.742163 0.015864 0.015674
2 0.655112 0.790361 0.017626 0.014890
2 0.676557 0.768025 0.014689 0.015674
2 0.684783 0.812304 0.018214 0.018025
2 0.690658 0.744514 0.015864 0.014107
2 0.710928 0.773511 0.017626 0.018809
2 0.715041 0.808777 0.017626 0.017241
2 0.704172 0.715125 0.017039 0.014890
2 0.706816 0.664185 0.015276 0.014890
2 0.711222 0.690439 0.015864 0.015674
2 0.742362 0.661050 0.015864 0.014890
2 0.784665 0.657915 0.014689 0.014890
2 0.769095 0.679859 0.015276 0.016458
2 0.746475 0.690439 0.014689 0.015674
2 0.732374 0.710815 0.017039 0.017241
2 0.762045 0.727665 0.016451 0.016458
2 0.783490 0.706113 0.015864 0.017241
2 0.731786 0.750784 0.017039 0.017241
2 0.744125 0.786834 0.018214 0.020376
2 0.763807 0.754702 0.016451 0.015674
2 0.772620 0.810345 0.018801 0.021944
2 0.746475 0.829545 0.018214 0.019592
2 0.781434 0.845611 0.021152 0.020376
2 0.803760 0.824060 0.019976 0.018025
2 0.794653 0.788401 0.020564 0.020376
2 0.790834 0.749216 0.018801 0.020376
2 0.814336 0.872649 0.018801 0.024295