0 0.489706 0.586127 0.330499 0.222817
2 0.644285 0.809487 0.0213742 0.00887642
2 0.667988 0.783744 0.0242211 0.00806332
2 0.776182 0.809206 0.0211095 0.00929362
0 0.82256 0.620235 0.354879 0.137622
2 0.714501 0.829361 0.0181339 0.00805295
2 0.758613 0.791548 0.0192461 0.00838623
2 0.68151 0.805326 0.0205231 0.00760574
2 0.751104 0.716959 0.0206031 0.00738398
2 0.78222 0.754737 0.0179457 0.00787296
2 0.782571 0.745947 0.0204308 0.00785955
2 0.653037 0.713337 0.0197732 0.00761108
2 0.78762 0.788263 0.0180847 0.00591126
2 0.703783 0.79152 0.0224847 0.0090704
