0 0.485069 0.594813 0.330053 0.240117
2 0.773782 0.805395 0.0208791 0.00775744
2 0.73692 0.794133 0.0269606 0.00793915
2 0.66522 0.718817 0.0197517 0.00638402
2 0.713338 0.756869 0.0260013 0.00777315
2 0.714485 0.808003 0.0199022 0.00837441
2 0.731625 0.845676 0.0233293 0.00942879
2 0.751813 0.829955 0.0202094 0.00857697
2 0.807778 0.805574 0.0222673 0.00785637
2 0.797557 0.769157 0.0209335 0.00648575
2 0.776265 0.846833 0.0229011 0.00881958
2 0.79839 0.755429 0.0233955 0.00655937
0 0.822298 0.622861 0.355404 0.144603
2 0.893831 0.844273 0.0195701 0.0117832
2 0.692987 0.821203 0.01946 0.00758019
2 0.844392 0.853817 0.0222331 0.00958468
