0 0.4866 0.596088 0.341362 0.241649
2 0.801722 0.754157 0.0209798 0.00761833
2 0.666515 0.83201 0.0221645 0.00983302
2 0.759256 0.833489 0.0194238 0.00892754
2 0.667573 0.721399 0.0195024 0.00810331
2 0.688178 0.806061 0.0218046 0.00845375
2 0.781327 0.808854 0.0215315 0.00872726
2 0.802824 0.770891 0.0205519 0.00876808
2 0.624737 0.746725 0.0211326 0.00857353
2 0.717949 0.757757 0.02836 0.00884069
2 0.800221 0.829997 0.0206099 0.00872167
2 0.81528 0.806652 0.0214517 0.00797017
0 0.823035 0.625486 0.353929 0.14907
2 0.843598 0.704373 0.0195001 0.00789223
2 0.623188 0.716038 0.0211097 0.00850658
2 0.707411 0.853926 0.0204695 0.00921574
2 0.712432 0.717917 0.0169723 0.00562439
2 0.749945 0.804292 0.0201532 0.00713577
2 0.715709 0.707113 0.0205811 0.00631886
2 0.903123 0.845293 0.0212548 0.0115082
2 0.756941 0.681248 0.0196828 0.00669314
2 0.817909 0.854004 0.0206706 0.00849114
