0 0.477636 0.606173 0.353286 0.258675
0 0.821522 0.626689 0.356957 0.149088
2 0.665324 0.729851 0.020679 0.00654144
2 0.780722 0.816175 0.0197049 0.00875359
2 0.739525 0.857008 0.0193671 0.00862694
2 0.716762 0.766868 0.0281657 0.00933552
2 0.621915 0.756037 0.0224452 0.00779177
2 0.666605 0.744423 0.0211124 0.0081089
2 0.664822 0.841068 0.0229913 0.00890465
2 0.801665 0.75806 0.0221403 0.00679022
2 0.703991 0.833507 0.024019 0.00823593
2 0.802512 0.833206 0.0242021 0.00917155
2 0.726484 0.816954 0.0241801 0.00906626
2 0.757211 0.756724 0.0239943 0.00649172
2 0.73749 0.707189 0.0271905 0.00655212
2 0.784572 0.856412 0.0191207 0.00733782
2 0.840779 0.707519 0.0200109 0.0075496
2 0.642623 0.704683 0.0200967 0.00778313
2 0.621203 0.718698 0.0227168 0.00747999
