0 0.489845 0.594463 0.334493 0.242562
2 0.758152 0.782806 0.0273702 0.0087279
2 0.755922 0.830154 0.0211896 0.00863361
2 0.736709 0.794708 0.0197433 0.00773544
2 0.793782 0.791931 0.0200955 0.0079382
2 0.773736 0.81698 0.0209707 0.00888939
2 0.71589 0.80758 0.018846 0.00629578
0 0.826618 0.611065 0.346764 0.139301
2 0.681854 0.708018 0.0204139 0.0068779
2 0.774541 0.717395 0.02042 0.00702667
2 0.737632 0.745755 0.0325239 0.0103951
2 0.640625 0.734085 0.0214085 0.00835584
2 0.729427 0.705214 0.0204129 0.00603523
2 0.828221 0.792038 0.0222165 0.00801907
