0 0.485341 0.596242 0.333917 0.24486
2 0.735298 0.795374 0.0237796 0.0081
2 0.691681 0.819433 0.0197998 0.00855026
2 0.751061 0.829284 0.0225956 0.00937195
2 0.727807 0.842944 0.0221202 0.00857531
2 0.691205 0.844824 0.0202579 0.00949783
2 0.713813 0.755565 0.0313721 0.010266
2 0.661636 0.717614 0.0205384 0.00711899
2 0.66123 0.731132 0.0210709 0.00764675
0 0.821203 0.621741 0.357594 0.141783
2 0.802943 0.782959 0.0205495 0.00717869
2 0.710839 0.806174 0.0194855 0.00798988
2 0.827185 0.830982 0.0208698 0.00802917
2 0.770689 0.804146 0.020312 0.00820046
2 0.890557 0.841643 0.0196469 0.0110153
2 0.692878 0.718918 0.0182855 0.00560061
2 0.77285 0.844783 0.0219309 0.00896263
2 0.617594 0.743412 0.0221678 0.00972214
2 0.757597 0.730801 0.0211924 0.00623856
