0 0.649512 0.71815 0.298726 0.202901
2 0.932815 0.954694 0.0209825 0.00883865
2 0.836229 0.963441 0.0215288 0.0077507
2 0.878523 0.963275 0.0198595 0.00686798
2 0.909385 0.893469 0.0216644 0.00619507
2 0.789791 0.838789 0.0162472 0.00674248
2 0.771717 0.941629 0.0207509 0.00819969
2 0.838245 0.957957 0.0211646 0.00806007
2 0.912287 0.907011 0.0186869 0.00677567
2 0.802091 0.957053 0.0192766 0.00758642
2 0.910864 0.969238 0.0217049 0.00678406
2 0.823501 0.929379 0.0213704 0.00853577
2 0.894035 0.945776 0.0193801 0.00811081
2 0.910177 0.882554 0.0235242 0.00607376
2 0.847536 0.918518 0.0186317 0.0061189
