0 0.484462 0.596767 0.329268 0.245241
2 0.712833 0.807506 0.0198324 0.00841675
2 0.772347 0.804788 0.0205734 0.00838051
2 0.751823 0.829787 0.0216702 0.00890541
2 0.73623 0.795132 0.0252975 0.00836074
2 0.730275 0.84445 0.0235602 0.00956141
2 0.692094 0.82076 0.0197795 0.00718498
2 0.712839 0.756847 0.0275506 0.0081913
2 0.663781 0.717973 0.0196014 0.00625229
0 0.821317 0.622232 0.357367 0.14267
2 0.775108 0.846366 0.0229916 0.00907059
2 0.693169 0.845756 0.0191462 0.00866241
2 0.828813 0.832502 0.020735 0.00738792
2 0.797271 0.76805 0.0208625 0.00677433
2 0.807427 0.804513 0.0223284 0.00864525
2 0.758148 0.730977 0.0200134 0.00645587
2 0.803645 0.78338 0.0216661 0.00719185
2 0.893032 0.843411 0.0195618 0.0114441
