0 0.487108 0.596999 0.340169 0.244264
2 0.667709 0.720681 0.0196208 0.0078167
2 0.66791 0.830774 0.0227217 0.00899239
2 0.625233 0.746734 0.0208774 0.0091355
2 0.803638 0.770291 0.0190908 0.0083437
2 0.717704 0.758077 0.0263714 0.00865307
2 0.782987 0.808759 0.0211565 0.00838661
2 0.690028 0.805316 0.0199778 0.00862427
2 0.80323 0.75461 0.0203532 0.00703742
2 0.800624 0.829573 0.019872 0.0081365
2 0.7611 0.832237 0.0199266 0.00811501
2 0.750746 0.804211 0.0211138 0.00722885
0 0.822693 0.625287 0.354614 0.149226
2 0.815596 0.805706 0.0207364 0.00740318
2 0.710202 0.718827 0.0168267 0.00559196
2 0.623566 0.716391 0.0216687 0.00807699
2 0.844306 0.704051 0.0199273 0.00750809
