0 0.620499 0.506209 0.646165 0.376573
2 0.461723 0.494136 0.0305626 0.0103491
2 0.551306 0.468958 0.0289569 0.00997473
2 0.506702 0.469613 0.0295466 0.00989895
2 0.461532 0.469899 0.0300509 0.00928707
2 0.549826 0.4457 0.0291042 0.0100395
2 0.551204 0.493886 0.0297 0.0107461
2 0.461399 0.446895 0.0304701 0.00994911
2 0.417359 0.471031 0.0300696 0.00925331
2 0.506793 0.493966 0.0293976 0.00985546
2 0.594536 0.444775 0.0299479 0.0106316
2 0.63957 0.444198 0.0285458 0.0102947
2 0.595685 0.469131 0.0287676 0.0105207
