0 0.485993 0.597318 0.34022 0.244117
2 0.802086 0.754305 0.0216116 0.00804501
2 0.8169 0.854467 0.0215346 0.00879059
2 0.757772 0.834281 0.0192023 0.0090662
2 0.687451 0.807862 0.0230458 0.00892436
2 0.664703 0.833599 0.0212138 0.00933342
2 0.798496 0.830631 0.0210149 0.00856934
2 0.706361 0.854001 0.0211549 0.00913506
2 0.842597 0.704469 0.0197757 0.00772286
2 0.622869 0.716008 0.0209692 0.00843824
2 0.814404 0.807604 0.0223707 0.00837212
2 0.666403 0.741854 0.0184955 0.00785351
2 0.666107 0.720841 0.0203412 0.0074625
0 0.822733 0.625683 0.354533 0.149188
2 0.840155 0.75499 0.0215933 0.00781377
2 0.762442 0.731875 0.0203735 0.00603828
2 0.624316 0.746469 0.0208462 0.00769666
2 0.801487 0.770741 0.0218542 0.00824114
2 0.71281 0.718355 0.0175939 0.00520229
2 0.714881 0.706956 0.0203342 0.00613225
2 0.748366 0.804401 0.0219211 0.00767403
2 0.703226 0.829651 0.0224148 0.00866089
