0 0.464308 0.612568 0.360272 0.249784
0 0.810826 0.637385 0.378348 0.150038
2 0.601818 0.77069 0.0207394 0.00864728
2 0.669258 0.831786 0.0193019 0.00823174
2 0.649915 0.744558 0.0190047 0.00743841
2 0.826643 0.806601 0.0160909 0.00729485
2 0.684335 0.853723 0.0188056 0.00811043
2 0.645005 0.859456 0.020834 0.00962791
2 0.823591 0.859149 0.0214403 0.00882797
2 0.802746 0.879115 0.0189051 0.00770226
2 0.693094 0.781923 0.0203608 0.00807718
2 0.689088 0.879565 0.0224331 0.00905628
2 0.80173 0.829953 0.0171902 0.00710564
2 0.827005 0.720346 0.0194897 0.00737546
2 0.601363 0.731664 0.0215037 0.0102238
