0 0.48257 0.590019 0.328154 0.23988
2 0.669495 0.805363 0.0192103 0.00725403
2 0.69052 0.792595 0.0208582 0.00864105
2 0.706743 0.829286 0.0218506 0.00817337
2 0.645164 0.704918 0.0202374 0.00621936
2 0.713186 0.782099 0.0220846 0.00734825
2 0.750525 0.791294 0.0199414 0.00824013
2 0.642946 0.719636 0.0205373 0.00830841
2 0.671185 0.830488 0.0215055 0.00946026
2 0.691779 0.682796 0.0204768 0.00817108
2 0.689674 0.743401 0.0211144 0.00779533
2 0.729274 0.816514 0.0216773 0.00904598
2 0.782966 0.770323 0.0211948 0.00719261
0 0.821541 0.612018 0.356918 0.129051
2 0.59949 0.730438 0.0225681 0.00803661
2 0.600271 0.692427 0.0214202 0.00811825
2 0.805123 0.817843 0.0199114 0.0080986
2 0.748436 0.788262 0.0229451 0.00660915
