0 0.494807 0.595155 0.340972 0.242949
2 0.736555 0.744802 0.0250576 0.00826492
2 0.687712 0.708529 0.0190932 0.00693487
2 0.645945 0.733287 0.0202767 0.00814858
0 0.830479 0.611533 0.339043 0.140579
2 0.830979 0.78833 0.0184299 0.00664794
2 0.800778 0.791419 0.0194102 0.00827503
2 0.821373 0.809178 0.0219437 0.00919431
2 0.83959 0.833391 0.0210401 0.00860634
2 0.760944 0.830751 0.0191149 0.00897636
2 0.805094 0.829772 0.0180933 0.00777054
2 0.772878 0.667522 0.0220222 0.00720463
2 0.779548 0.718732 0.0187149 0.00539672
2 0.733912 0.70601 0.0178823 0.00581741
2 0.643852 0.704536 0.0226055 0.00828228
2 0.730483 0.832421 0.0205502 0.0100454
2 0.826871 0.769791 0.0198658 0.00655899
2 0.687659 0.719961 0.0194121 0.00653305
2 0.689282 0.815871 0.0215091 0.00879707
2 0.749139 0.792325 0.0235043 0.00833645
