0 0.403398 0.749094 0.396172 0.323703
2 0.66869 0.983916 0.0229055 0.0125673
2 0.58559 0.986789 0.0268702 0.0160955
2 0.423683 0.94525 0.0232152 0.0142461
2 0.533554 0.9446 0.0236805 0.0101388
2 0.711228 0.9029 0.0251188 0.0105377
2 0.711907 0.971317 0.0209493 0.00888443
2 0.627176 0.969152 0.0200312 0.0102497
2 0.652176 0.912554 0.0249434 0.00939503
2 0.621573 0.91723 0.0255517 0.0101212
2 0.790855 0.91865 0.0241428 0.0103226
2 0.835091 0.918686 0.0225664 0.0114592
2 0.651607 0.93141 0.0229743 0.00992508
2 0.795483 0.98248 0.0203145 0.0119629
2 0.59104 0.961178 0.0260724 0.0128206
2 0.657322 0.909551 0.0240702 0.0102226
2 0.652007 0.954401 0.0241032 0.00948067
2 0.818194 0.939624 0.0219247 0.0124186
2 0.686304 0.94156 0.0262218 0.00958748
2 0.416872 0.982101 0.0246245 0.0133831
