0 0.506173 0.589976 0.331383 0.224729
0 0.504763 0.655116 0.33999 0.359567
2 0.667407 0.707484 0.0186484 0.00642929
2 0.751054 0.816755 0.0221842 0.00860157
2 0.71363 0.793664 0.0210907 0.00792694
2 0.842938 0.69232 0.0218004 0.00782833
2 0.692456 0.806275 0.0182468 0.00650215
2 0.71358 0.74563 0.0225854 0.00777995
2 0.825902 0.819153 0.0202627 0.00764923
2 0.761587 0.718267 0.0183501 0.00607681
2 0.667596 0.721532 0.019529 0.00880852
2 0.734931 0.783035 0.0222911 0.00765394
2 0.69155 0.8296 0.0204177 0.0081192
0 0.828207 0.615273 0.343586 0.127144
2 0.727746 0.829557 0.0207723 0.00781708
2 0.623923 0.731589 0.0196498 0.00789566
2 0.771423 0.792302 0.0202271 0.00743446
2 0.798262 0.743819 0.0236442 0.00587063
2 0.887281 0.82908 0.0211761 0.00945384
2 0.687881 0.680283 0.0186876 0.0066555
2 0.832626 0.763382 0.0170441 0.00695101
