0 0.46822 0.613978 0.357037 0.260026
2 0.729001 0.868027 0.0208232 0.00836945
2 0.734551 0.818752 0.0231462 0.00594559
2 0.69212 0.869727 0.0198751 0.00847359
2 0.710956 0.830884 0.0203807 0.00820999
2 0.688888 0.845324 0.019457 0.00944595
0 0.816595 0.632801 0.36681 0.147599
2 0.803036 0.804813 0.0186751 0.007267
2 0.706013 0.730322 0.0223573 0.00646623
2 0.774554 0.86821 0.0211338 0.00792484
2 0.801725 0.82111 0.0207099 0.00770721
2 0.654345 0.738505 0.019935 0.00784391
2 0.660072 0.754173 0.0214608 0.00966415
2 0.75072 0.854002 0.0216763 0.00926857
