0 0.482323 0.587236 0.33134 0.2329
2 0.823843 0.69196 0.0200836 0.00800056
2 0.75852 0.795275 0.0207749 0.00819168
2 0.641247 0.816769 0.0227146 0.00853348
2 0.713008 0.833629 0.0199527 0.00911293
2 0.757618 0.833563 0.021415 0.00821521
2 0.782014 0.757554 0.0190134 0.00825195
2 0.692447 0.74605 0.0196937 0.00838699
2 0.738066 0.818479 0.0208166 0.00976944
2 0.773139 0.817041 0.018641 0.00760727
2 0.782482 0.742508 0.0203979 0.006589
0 0.821404 0.615376 0.357192 0.135102
2 0.664444 0.79182 0.0195183 0.00741463
2 0.648915 0.72038 0.0181359 0.00899715
2 0.604396 0.733594 0.0189985 0.00936432
2 0.788002 0.788376 0.0176151 0.00549526
2 0.78458 0.738378 0.0188477 0.00636304
2 0.824778 0.841434 0.0213259 0.00958157
2 0.669092 0.680166 0.0195209 0.00750173
2 0.791633 0.792953 0.022895 0.00829773
2 0.694297 0.794664 0.0196027 0.00692749
2 0.649728 0.713111 0.022366 0.0073939
