0 0.593133 0.61272 0.327072 0.213585
2 0.776544 0.82975 0.020019 0.00735156
2 0.869951 0.833626 0.0197757 0.00895672
2 0.909383 0.842073 0.0214623 0.00873222
2 0.754423 0.73043 0.0205088 0.00607618
2 0.822872 0.807757 0.0238525 0.00738525
2 0.739509 0.83269 0.0189724 0.0079731
2 0.848386 0.74311 0.0204881 0.00596244
2 0.887038 0.85748 0.0232134 0.00804215
2 0.884517 0.76744 0.021521 0.00733242
2 0.799999 0.770163 0.0258613 0.00873795
2 0.972715 0.855245 0.0216275 0.0102844
2 0.827664 0.71864 0.02165 0.00524057
2 0.752236 0.744608 0.0185421 0.00720482
2 0.778259 0.854109 0.0207469 0.00830091
