0 0.489138 0.598929 0.337674 0.249121
2 0.753288 0.791679 0.0227112 0.00748653
2 0.82348 0.792922 0.0190582 0.00712071
2 0.847148 0.692603 0.0193878 0.00813993
2 0.846217 0.821483 0.0199751 0.00813828
2 0.749489 0.838619 0.0250017 0.00889549
2 0.823016 0.679546 0.0200387 0.00751991
0 0.824843 0.617514 0.350314 0.138197
2 0.827186 0.84109 0.0203937 0.00961304
2 0.909977 0.831016 0.0219615 0.0107962
2 0.712233 0.816658 0.0200765 0.00863876
2 0.846598 0.757741 0.0178297 0.00787722
2 0.791558 0.838079 0.0201638 0.0072731
2 0.848101 0.771044 0.0175788 0.00790202
2 0.696102 0.794151 0.0205244 0.00764389
2 0.827604 0.83761 0.0266771 0.00720387
2 0.862096 0.841818 0.0214254 0.00992737
2 0.802708 0.718387 0.0198771 0.00621255
2 0.716443 0.841616 0.019966 0.010523
