0 0.641816 0.752687 0.284921 0.206206
2 0.776201 0.891647 0.017681 0.0076622
2 0.777429 0.881615 0.0201277 0.00604134
2 0.824355 0.917716 0.0266596 0.0103423
2 0.735202 0.896955 0.0204498 0.00902004
2 0.893206 0.930518 0.020117 0.00827751
2 0.86838 0.89289 0.0193231 0.00641022
0 0.88665 0.799369 0.2267 0.121555
2 0.839019 0.954225 0.019396 0.00790997
2 0.757026 0.978783 0.0201033 0.00889778
2 0.893845 0.921083 0.0213171 0.00884628
2 0.84629 0.984077 0.0207943 0.00893809
2 0.773975 0.943606 0.020066 0.0100134
