0 0.403911 0.734996 0.38411 0.315332
2 0.711044 0.88178 0.0240685 0.00979576
2 0.734234 0.90533 0.0239475 0.0072794
2 0.651833 0.933127 0.023789 0.010623
2 0.827354 0.896854 0.0179333 0.0100536
2 0.591498 0.940935 0.0242195 0.0116854
2 0.529111 0.979032 0.0298045 0.01493
2 0.68468 0.91754 0.0241536 0.00846195
2 0.786607 0.897572 0.0230832 0.0109234
2 0.586971 0.965722 0.0276567 0.0148094
2 0.658053 0.890655 0.0240662 0.0106187
2 0.755619 0.942022 0.023918 0.00911751
2 0.710796 0.953713 0.0205095 0.0108391
2 0.653368 0.888168 0.0225242 0.00831623
2 0.812706 0.917938 0.0238712 0.0106709
