2 0.617374 0.531864 0.030321 0.0102981
2 0.564918 0.438122 0.0145927 0.00410538
2 0.660523 0.507766 0.0286756 0.00947037
2 0.705118 0.506862 0.0280403 0.00970821
2 0.662143 0.53124 0.029502 0.00950089
2 0.396026 0.420378 0.025769 0.00895929
2 0.572214 0.508636 0.0280849 0.0083271
2 0.521656 0.46369 0.0164837 0.00477467
2 0.707103 0.531386 0.0297757 0.0105439
2 0.520144 0.438307 0.0146502 0.00394287
2 0.526594 0.51366 0.0256256 0.00898317
2 0.572591 0.533266 0.0290046 0.0093887
2 0.608477 0.438206 0.01761 0.00510006
