0 0.481336 0.606197 0.352028 0.260816
2 0.80451 0.770251 0.0191588 0.0085165
2 0.706679 0.828958 0.0190711 0.00760422
0 0.821714 0.62552 0.356572 0.149219
2 0.668259 0.834263 0.0195076 0.00963631
2 0.691499 0.808364 0.0196862 0.00924288
2 0.716862 0.756235 0.0275967 0.0101067
2 0.751732 0.80411 0.0222073 0.00756168
2 0.62311 0.715926 0.0194222 0.00791531
2 0.803442 0.754592 0.0198429 0.00744877
2 0.823263 0.85407 0.0192508 0.00796509
2 0.817351 0.806709 0.0197935 0.00698242
2 0.756985 0.681963 0.0193615 0.00668831
2 0.804132 0.830521 0.0190904 0.00847778
2 0.844077 0.70416 0.0195765 0.0078167
2 0.714611 0.706101 0.0184709 0.00613327
2 0.843428 0.783962 0.02096 0.00921453
2 0.727968 0.816488 0.0211999 0.00814819
