0 0.484504 0.593978 0.330708 0.235929
2 0.798561 0.754513 0.0222331 0.00751108
2 0.755752 0.834173 0.021209 0.00902023
2 0.738256 0.70655 0.0213409 0.00533543
2 0.806693 0.807779 0.0206429 0.00797984
2 0.711366 0.718238 0.0170709 0.00554657
2 0.68461 0.807358 0.0219605 0.00838013
2 0.663665 0.741268 0.0188262 0.0083334
2 0.664557 0.792171 0.0197812 0.010239
2 0.717928 0.759179 0.0322201 0.0125422
2 0.621079 0.716224 0.0232136 0.00856667
2 0.760931 0.731381 0.0194621 0.00533218
2 0.660299 0.832943 0.0220503 0.00910873
0 0.823602 0.625971 0.352796 0.148401
2 0.7376 0.804604 0.0208425 0.00754166
2 0.793968 0.83229 0.0205905 0.00825539
2 0.816363 0.691713 0.0215091 0.00822989
2 0.893011 0.848146 0.0183675 0.0119232
2 0.841492 0.705323 0.0199721 0.00840969
2 0.664779 0.721197 0.018524 0.00747636
