0 0.482456 0.585663 0.328563 0.231127
2 0.690381 0.745278 0.0198475 0.00738684
2 0.647405 0.70681 0.016904 0.00666332
2 0.778676 0.754839 0.0213362 0.00747503
2 0.70998 0.83008 0.022385 0.00819321
2 0.644958 0.720895 0.0193445 0.00825233
2 0.751594 0.791467 0.0210566 0.0082962
2 0.694358 0.794579 0.0204125 0.00722752
2 0.672117 0.806465 0.0177972 0.00687485
2 0.753729 0.832804 0.0240818 0.00891342
2 0.785854 0.838024 0.0242903 0.00995293
2 0.601424 0.731797 0.0197991 0.00891476
2 0.732635 0.817064 0.0211732 0.00935898
2 0.780035 0.744773 0.0238603 0.00707518
2 0.673225 0.832709 0.0207393 0.00854282
0 0.821857 0.614023 0.356285 0.132081
2 0.666142 0.679861 0.0195094 0.00705503
2 0.714475 0.783524 0.020511 0.00798454
2 0.872617 0.82968 0.0195943 0.010096
2 0.69318 0.682455 0.0196507 0.008159
2 0.735693 0.667128 0.0181542 0.00713336
2 0.600602 0.69445 0.0234617 0.00783405
2 0.736809 0.73298 0.024019 0.00728073
