0 0.641323 0.755512 0.285775 0.204234
2 0.755204 0.979126 0.0222948 0.00833117
2 0.893185 0.930888 0.019064 0.00802396
2 0.82132 0.916745 0.0245466 0.00941734
2 0.89331 0.91977 0.0207191 0.00697988
2 0.846761 0.868901 0.0212216 0.00583191
2 0.776257 0.88134 0.0197322 0.00507889
2 0.938138 0.868928 0.0189046 0.0068512
2 0.866027 0.892234 0.0190131 0.00667973
2 0.915902 0.995159 0.0203613 0.00863876
2 0.773685 0.891757 0.0180346 0.00831146
2 0.845345 0.984487 0.0220113 0.00963275
0 0.886902 0.800891 0.226196 0.117869
2 0.735076 0.866896 0.0197106 0.00727119
