0 0.484153 0.593427 0.330102 0.241311
2 0.734483 0.794916 0.0247687 0.00812505
2 0.688802 0.817999 0.0199156 0.00834427
2 0.690276 0.843283 0.0208103 0.00962009
2 0.726688 0.842029 0.0211531 0.00791855
0 0.82049 0.621198 0.35902 0.140689
2 0.661276 0.717163 0.0209303 0.00738996
2 0.822872 0.829625 0.0196404 0.00853806
2 0.748943 0.828816 0.0215752 0.00908775
2 0.714005 0.754917 0.0319127 0.00931759
2 0.804296 0.845227 0.0201928 0.00818863
2 0.771304 0.842527 0.0213745 0.00869484
2 0.616021 0.704083 0.0217387 0.00839043
2 0.660497 0.730845 0.0221876 0.00729389
2 0.692821 0.718212 0.0179891 0.0063652
2 0.70857 0.805646 0.0204196 0.00804189
2 0.660338 0.783205 0.0191262 0.0102055
2 0.616518 0.742455 0.0213741 0.00964241
2 0.650186 0.821995 0.0202859 0.00978584
2 0.801803 0.781877 0.019518 0.00635643
2 0.769345 0.803891 0.0219703 0.00831375
