0 0.484326 0.606495 0.338267 0.261979
2 0.799745 0.755337 0.0228702 0.00727844
2 0.663851 0.741442 0.0189112 0.00822614
2 0.806561 0.80832 0.0206611 0.00801659
2 0.620507 0.716214 0.0218357 0.00822468
2 0.685006 0.808375 0.0223122 0.00865021
2 0.739579 0.80445 0.0224233 0.00773506
2 0.71343 0.817378 0.0198903 0.00761948
2 0.66394 0.792619 0.0187702 0.00946363
2 0.756064 0.834365 0.020835 0.00884476
2 0.846777 0.858172 0.0194136 0.00981331
2 0.760367 0.731954 0.0188483 0.00530211
2 0.794046 0.832844 0.0211931 0.00811958
2 0.660087 0.834333 0.0214943 0.00992889
2 0.893519 0.848215 0.0183433 0.0117649
0 0.822078 0.626402 0.355844 0.147763
2 0.66997 0.721183 0.0264787 0.00773907
2 0.736443 0.706787 0.0232413 0.00531578
2 0.711639 0.707081 0.018476 0.00622012
