0 0.401877 0.719276 0.384608 0.30195
2 0.577323 0.933477 0.0239587 0.0136612
2 0.773221 0.868874 0.0227244 0.00853195
2 0.73451 0.9847 0.0237293 0.0122986
2 0.41497 0.932821 0.0248581 0.00994835
2 0.619918 0.916743 0.0220377 0.00874329
2 0.799648 0.890461 0.0224474 0.00975838
2 0.530565 0.896035 0.0249996 0.00844383
2 0.58228 0.909203 0.0232075 0.00992546
2 0.643778 0.904364 0.0224043 0.00842247
2 0.642037 0.882976 0.0216463 0.00774002
2 0.658806 0.93119 0.0230011 0.00945625
2 0.698564 0.856922 0.0232937 0.00899429
2 0.782891 0.955175 0.0209388 0.00922254
2 0.781453 0.979591 0.0205035 0.00905876
2 0.815732 0.869838 0.0195129 0.00904427
