0 0.482381 0.593503 0.330745 0.24488
2 0.64349 0.818194 0.0221687 0.0087574
2 0.73773 0.82069 0.019927 0.00889804
2 0.777222 0.816859 0.0203617 0.00880356
2 0.668556 0.792606 0.0197089 0.00859559
2 0.781559 0.758342 0.018096 0.00907288
2 0.714087 0.833823 0.0190725 0.00878372
2 0.760312 0.796307 0.0220364 0.00859941
0 0.820743 0.617097 0.358514 0.135665
2 0.827314 0.693349 0.019191 0.0069327
2 0.783054 0.743086 0.0190228 0.00599817
2 0.795003 0.841067 0.0214494 0.00930824
2 0.828088 0.788351 0.0201935 0.00690422
2 0.786029 0.738441 0.0174008 0.0061142
2 0.727477 0.693533 0.0221068 0.00499001
2 0.743136 0.738331 0.0184984 0.00642242
2 0.880904 0.833626 0.0210987 0.0118271
2 0.727132 0.792587 0.0209125 0.00723343
