0 0.495614 0.593522 0.344387 0.240776
2 0.758526 0.830568 0.0193454 0.00809059
2 0.798408 0.791463 0.0202191 0.00817464
2 0.735634 0.744569 0.0259988 0.00817553
0 0.829305 0.612592 0.34139 0.142911
2 0.802912 0.829619 0.0188466 0.00804393
2 0.645342 0.733737 0.0216437 0.00860367
2 0.827516 0.770464 0.0201623 0.00719452
2 0.778949 0.817014 0.0200358 0.0089723
2 0.778433 0.71788 0.0198088 0.00650088
2 0.685012 0.708413 0.0187802 0.00668284
2 0.830268 0.788274 0.0189209 0.00630226
2 0.739572 0.79442 0.0205811 0.00700709
2 0.871724 0.834333 0.0189697 0.00900803
2 0.838078 0.834176 0.020733 0.00913658
2 0.771496 0.667413 0.0203881 0.00755253
2 0.687479 0.815579 0.0230435 0.00924924
2 0.820481 0.755025 0.0192474 0.00644341
2 0.862601 0.783425 0.0196086 0.0081665
2 0.73192 0.705854 0.0194275 0.00544364
