0 0.495464 0.596278 0.340443 0.244628
0 0.500197 0.663363 0.340717 0.384245
2 0.688048 0.708316 0.0187863 0.00719948
2 0.737959 0.745113 0.0257036 0.0085144
2 0.802086 0.791415 0.01992 0.00877819
2 0.646612 0.733682 0.0199712 0.00836741
0 0.830821 0.611947 0.338357 0.139352
2 0.839917 0.833372 0.0215281 0.00872981
2 0.823694 0.75516 0.0202125 0.00688527
2 0.822111 0.809427 0.0211934 0.0094724
2 0.644656 0.703973 0.0220217 0.00863171
2 0.732371 0.832633 0.0211256 0.00974274
2 0.831607 0.788341 0.0176907 0.00629158
2 0.748482 0.793265 0.0234863 0.00829277
2 0.690214 0.816138 0.0196897 0.0085001
2 0.72766 0.80783 0.0212202 0.00721893
2 0.805747 0.830139 0.0180481 0.00776405
