0 0.484977 0.58485 0.325588 0.225835
0 0.484825 0.633003 0.329626 0.327332
2 0.780708 0.754618 0.0210279 0.0082016
0 0.821966 0.614403 0.356069 0.128478
2 0.673689 0.805596 0.0188489 0.00741997
2 0.650561 0.706146 0.0181845 0.00711854
2 0.772991 0.809409 0.0217874 0.00927506
2 0.693764 0.793259 0.0203868 0.00760123
2 0.691442 0.743733 0.0184848 0.00646922
2 0.709706 0.828856 0.0214362 0.0079382
2 0.647093 0.771746 0.0172229 0.0106112
2 0.715571 0.78284 0.0194139 0.00698948
2 0.756441 0.769738 0.0247169 0.00585499
2 0.639563 0.809456 0.0202178 0.00913944
2 0.784928 0.78821 0.0197862 0.00637792
2 0.603664 0.7308 0.0196274 0.00933971
2 0.648081 0.719106 0.017756 0.00761337
2 0.753048 0.791041 0.0191074 0.00813103
