2 0.660497 0.532127 0.0294442 0.0095184
2 0.705625 0.531586 0.0292538 0.00968142
2 0.51985 0.442286 0.0264627 0.00977955
2 0.52014 0.463025 0.0150006 0.00391235
2 0.475674 0.463489 0.0136971 0.00404625
2 0.70265 0.506836 0.0283864 0.00958939
2 0.47684 0.466278 0.0253326 0.00959749
2 0.616593 0.53297 0.0290097 0.00842396
2 0.700731 0.484088 0.0278897 0.0106998
2 0.564667 0.463157 0.0171558 0.00496648
2 0.521059 0.465354 0.0260274 0.0102203
2 0.662245 0.556274 0.0295112 0.00998535
2 0.785049 0.459234 0.0276623 0.0121659
2 0.433638 0.488877 0.0161847 0.00561581
2 0.571154 0.533241 0.028242 0.00803185
2 0.570685 0.508753 0.0286764 0.00868015
