0 0.482571 0.593322 0.334066 0.24299
2 0.645964 0.819826 0.0207828 0.00891495
2 0.781583 0.819072 0.0193207 0.00867081
2 0.671243 0.794432 0.0191729 0.00863253
0 0.820278 0.617197 0.359443 0.13441
2 0.727309 0.792003 0.0217272 0.00800266
2 0.684489 0.817155 0.0208776 0.00796394
2 0.7386 0.821433 0.0188951 0.00856527
2 0.795536 0.841875 0.0211875 0.00804431
2 0.884215 0.838018 0.0221419 0.0109173
2 0.828957 0.694033 0.0193359 0.00759811
2 0.742371 0.738468 0.0188822 0.00655785
2 0.684541 0.841663 0.0200121 0.00876865
2 0.828814 0.788296 0.0183821 0.00645294
2 0.653418 0.713675 0.0179494 0.00694186
2 0.728372 0.693641 0.0226674 0.00508842
2 0.704829 0.804021 0.0223247 0.00855007
2 0.786551 0.744165 0.022603 0.00738106
2 0.710172 0.693624 0.0256371 0.00630684
2 0.609721 0.738244 0.0234428 0.00902367
2 0.786589 0.738522 0.0172624 0.00616175
