0 0.485973 0.598842 0.331121 0.247986
2 0.802691 0.821178 0.0193917 0.00900955
2 0.706847 0.817273 0.0203248 0.0076683
2 0.753664 0.794077 0.024371 0.00750923
2 0.728613 0.804162 0.0203749 0.00887553
2 0.62454 0.705173 0.0189706 0.00792847
2 0.671321 0.718262 0.0167154 0.00787563
2 0.805636 0.745191 0.0213559 0.00703926
2 0.789238 0.837961 0.0216434 0.00659294
2 0.842117 0.82929 0.0200077 0.00852451
2 0.823814 0.843758 0.0204562 0.00758438
2 0.71225 0.843374 0.0210846 0.00913391
2 0.801123 0.717684 0.0212067 0.00639229
2 0.791637 0.841638 0.0222253 0.00929394
2 0.746408 0.838446 0.0233961 0.00707817
2 0.816109 0.781686 0.020972 0.00838013
2 0.74788 0.841806 0.0208615 0.008498
2 0.8409 0.743978 0.0209727 0.00799484
