2 0.550931 0.507679 0.0304617 0.00852814
2 0.683386 0.482129 0.0296136 0.00979118
2 0.766029 0.434209 0.0271166 0.011537
2 0.551594 0.533172 0.0298535 0.00913846
2 0.506994 0.533173 0.0309292 0.00874809
2 0.639821 0.506915 0.0299957 0.0101746
2 0.595486 0.507352 0.0299635 0.00907164
2 0.506668 0.508029 0.0310057 0.00839647
2 0.462614 0.533731 0.0311569 0.00855112
2 0.596129 0.531935 0.0303196 0.0106285
2 0.639185 0.483379 0.0292721 0.00942402
2 0.458983 0.419354 0.0277662 0.0101751
2 0.727543 0.481386 0.0285251 0.00926228
2 0.684334 0.506029 0.0297943 0.00931873
