0 0.458285 0.617531 0.3627 0.249488
2 0.823395 0.729512 0.0203939 0.00860138
0 0.808499 0.645416 0.383002 0.159204
2 0.758272 0.842268 0.0216911 0.00802917
2 0.78178 0.781125 0.0224731 0.00680262
2 0.690824 0.730678 0.019508 0.00690918
2 0.715201 0.882518 0.0201285 0.00833168
2 0.59723 0.740697 0.0227488 0.0092631
2 0.737401 0.780785 0.0242472 0.00696316
2 0.73849 0.755389 0.0256375 0.00839539
2 0.734806 0.706275 0.0188568 0.00623563
2 0.735661 0.868994 0.0186995 0.00746841
2 0.643172 0.754465 0.0214354 0.00670077
2 0.781805 0.80397 0.0212816 0.0079113
