2 0.50595 0.45685 0.0299172 0.00964794
2 0.461781 0.457939 0.0288294 0.00851479
2 0.549493 0.433167 0.0287075 0.00923309
2 0.506316 0.480592 0.0302205 0.0092261
2 0.417459 0.458333 0.0296868 0.00864859
2 0.550404 0.456941 0.0296387 0.00975552
2 0.594373 0.456221 0.0298779 0.00998287
2 0.41705 0.481667 0.0291975 0.0088419
2 0.462058 0.481615 0.0291602 0.00943432
2 0.462286 0.434221 0.0292938 0.00862878
2 0.55121 0.480454 0.030123 0.00952454
2 0.462382 0.505256 0.0295148 0.00901632
2 0.507346 0.50467 0.0300817 0.00904493
2 0.636889 0.432484 0.028054 0.00987759
2 0.506209 0.433615 0.0287579 0.0084897
2 0.592187 0.432926 0.0270698 0.00881519
2 0.552011 0.504485 0.0299984 0.00959148
