0 0.409536 0.755319 0.420147 0.335842
2 0.597735 0.979513 0.0263663 0.012875
2 0.827323 0.954618 0.0231388 0.0130238
2 0.800324 0.933646 0.0244015 0.0122265
2 0.844318 0.933539 0.0224395 0.0133389
2 0.88294 0.984848 0.0221213 0.0160583
2 0.694044 0.954462 0.0229412 0.0106052
2 0.748552 0.941225 0.0255849 0.00843099
2 0.628217 0.933529 0.0233585 0.0106987
2 0.66059 0.947297 0.0227534 0.0110212
2 0.7209 0.917246 0.0251256 0.0106865
2 0.749978 0.938088 0.0288016 0.0102322
2 0.66192 0.972156 0.0224372 0.011125
