0 0.484039 0.586449 0.326337 0.231167
2 0.69129 0.79251 0.0206038 0.00836856
2 0.670317 0.804769 0.0182667 0.00695572
2 0.646758 0.705754 0.0182142 0.00610898
2 0.713773 0.782415 0.0201453 0.00736605
2 0.68959 0.743678 0.0199246 0.00739021
2 0.751536 0.791224 0.0194702 0.00812492
2 0.600782 0.730352 0.0215378 0.00866598
2 0.707242 0.829172 0.0211721 0.00783157
2 0.644588 0.719258 0.0186156 0.00719528
2 0.644188 0.770944 0.0187096 0.00985851
2 0.750426 0.829786 0.0210982 0.00845642
0 0.822592 0.613883 0.354816 0.130131
2 0.601569 0.692528 0.0199484 0.00747013
2 0.754018 0.770356 0.0235518 0.0061945
2 0.783191 0.770044 0.0214016 0.0069252
2 0.804843 0.817434 0.0191508 0.00808334
