0 0.402909 0.738181 0.384305 0.314525
2 0.581547 0.970679 0.0224243 0.0145601
2 0.523949 0.984128 0.0280436 0.0170626
2 0.648679 0.916812 0.0234188 0.00975952
2 0.668371 0.968718 0.0219587 0.0101404
2 0.590376 0.945976 0.0255656 0.012009
2 0.423897 0.929396 0.0225645 0.0114025
2 0.854241 0.920654 0.0225406 0.0113525
2 0.711448 0.957408 0.0212986 0.00941734
2 0.624463 0.954067 0.0197254 0.00904579
2 0.752975 0.945084 0.0224752 0.00818405
2 0.82877 0.903659 0.0201123 0.0106936
0 0.79162 0.777136 0.416759 0.190266
2 0.654082 0.894996 0.0233393 0.00824337
2 0.786032 0.90458 0.0252314 0.0117758
2 0.710897 0.889968 0.0228061 0.0107792
2 0.647631 0.940592 0.0217015 0.0101265
2 0.532953 0.929632 0.0240638 0.00945587
