0 0.403179 0.727013 0.386581 0.305942
2 0.780104 0.88407 0.0217248 0.0105167
2 0.822446 0.88331 0.0215207 0.0105667
2 0.708845 0.867944 0.0239878 0.00863991
2 0.647455 0.896174 0.0239008 0.00818405
2 0.731878 0.891892 0.0265744 0.00739873
2 0.640165 0.981641 0.0230927 0.016407
2 0.649104 0.917571 0.0221037 0.00845159
2 0.584799 0.94782 0.0241802 0.0133493
2 0.682094 0.904396 0.0227825 0.00937805
2 0.534819 0.90914 0.0228652 0.00889295
2 0.626171 0.931903 0.0190288 0.00865135
2 0.41703 0.946069 0.0239337 0.0095623
0 0.789517 0.762085 0.420965 0.185526
