0 0.513505 0.588975 0.326993 0.220885
0 0.511383 0.658452 0.331547 0.365848
2 0.777434 0.792625 0.0217834 0.00762844
2 0.803294 0.756734 0.0189572 0.00822125
2 0.804004 0.743208 0.0206414 0.00633952
2 0.75493 0.817462 0.0201257 0.0087513
0 0.830436 0.618229 0.339129 0.133754
2 0.717374 0.794621 0.0204869 0.00639057
2 0.777268 0.832858 0.0220917 0.00819778
2 0.733788 0.830363 0.0203052 0.00705433
2 0.750114 0.693285 0.0215162 0.00562878
2 0.69524 0.806871 0.0180471 0.00645828
2 0.848857 0.694174 0.0196292 0.00795403
2 0.737522 0.718852 0.0321543 0.00678202
