0 0.485811 0.60054 0.332776 0.253006
2 0.75198 0.829364 0.02268 0.00927048
2 0.711873 0.807144 0.0201892 0.00846596
2 0.728828 0.843701 0.0232259 0.0093401
2 0.772183 0.804619 0.0205149 0.00825768
2 0.73486 0.795036 0.023979 0.00772705
2 0.692536 0.820458 0.019883 0.00785586
2 0.71423 0.756136 0.030857 0.0106506
2 0.774657 0.845605 0.0227668 0.00892016
2 0.692383 0.845677 0.0193902 0.00897903
2 0.803658 0.783086 0.0220025 0.00739892
0 0.821291 0.621727 0.357417 0.141788
2 0.661767 0.732001 0.0200054 0.00747948
2 0.662257 0.71811 0.0201334 0.00582428
2 0.797434 0.76736 0.02147 0.00750701
2 0.828582 0.832198 0.0209456 0.00746918
2 0.807406 0.804278 0.0229536 0.00875136
2 0.891924 0.842506 0.019093 0.0110386
