0 0.645856 0.715274 0.292071 0.20343
2 0.786482 0.838858 0.0182371 0.00699081
2 0.803475 0.932386 0.0166531 0.00654869
2 0.956094 0.829639 0.0199185 0.00753326
2 0.801213 0.955855 0.0193858 0.00661545
2 0.859264 0.944248 0.0221004 0.0078565
2 0.83736 0.95574 0.0207085 0.00782242
2 0.873704 0.863302 0.0200931 0.00635834
2 0.87582 0.962963 0.0196452 0.00738869
2 0.934451 0.816875 0.0188188 0.00704079
2 0.913221 0.920864 0.0181831 0.00731297
2 0.833606 0.962976 0.0228712 0.00856641
2 0.913435 0.904961 0.0188202 0.00626144
