0 0.48233 0.587481 0.329638 0.234222
2 0.712053 0.831474 0.0202732 0.00828018
2 0.780913 0.755705 0.0196034 0.00770156
2 0.755865 0.833014 0.0220049 0.00833092
2 0.695463 0.794673 0.0207457 0.00677389
2 0.781207 0.744077 0.0223338 0.00672264
2 0.691509 0.745917 0.0190877 0.00863794
2 0.64765 0.721532 0.019383 0.00967267
2 0.756095 0.793468 0.0211275 0.00721855
2 0.649359 0.707543 0.0182568 0.00656382
2 0.735206 0.817811 0.0210154 0.0102558
2 0.788138 0.837976 0.0224119 0.00896721
2 0.602808 0.7327 0.018985 0.0099074
2 0.823444 0.69176 0.0200385 0.00774746
2 0.667634 0.679801 0.0201527 0.00722885
2 0.640833 0.815949 0.0232733 0.00912768
0 0.821768 0.615435 0.356463 0.135201
2 0.817801 0.75535 0.0195266 0.00871544
2 0.744964 0.713434 0.0175268 0.00618572
2 0.673687 0.807749 0.0196305 0.00689888
2 0.715742 0.782908 0.0200592 0.00704053
