0 0.495129 0.605502 0.344809 0.259651
2 0.728767 0.841933 0.0208289 0.00878487
2 0.779355 0.820859 0.0191182 0.00804469
2 0.688601 0.822011 0.0210853 0.00942345
2 0.71048 0.796801 0.0223124 0.00825297
0 0.828921 0.621167 0.342158 0.144422
2 0.684853 0.71789 0.0197209 0.00641963
2 0.838561 0.841844 0.0211168 0.00860519
2 0.819904 0.744563 0.0221256 0.0060955
2 0.818023 0.819094 0.0196136 0.00767994
2 0.68692 0.730861 0.0192664 0.00658372
2 0.829936 0.794927 0.0211409 0.00756035
2 0.662849 0.69198 0.0189982 0.00701695
2 0.688738 0.781882 0.0182939 0.00952117
2 0.7365 0.754685 0.0256354 0.00848503
2 0.834661 0.838408 0.0222266 0.00786552
2 0.715273 0.717992 0.0174645 0.00525462
2 0.917224 0.832343 0.0178082 0.00912056
2 0.764224 0.792682 0.0241789 0.00698719
