0 0.485013 0.594073 0.330599 0.237917
2 0.774469 0.807152 0.0212518 0.00756092
2 0.66469 0.719874 0.0198218 0.00644735
2 0.752676 0.830467 0.0204705 0.00851975
2 0.731321 0.84686 0.0223867 0.00935745
2 0.715281 0.757714 0.0279805 0.00901756
2 0.73672 0.794637 0.02604 0.00773137
0 0.822076 0.623244 0.355847 0.144616
2 0.80761 0.806555 0.0216393 0.00777435
2 0.79248 0.829215 0.0199645 0.00843391
2 0.776697 0.847006 0.0223945 0.00874863
2 0.622258 0.746673 0.0222694 0.010281
2 0.798911 0.755237 0.0232875 0.00675449
2 0.843887 0.854123 0.023026 0.0091671
2 0.683067 0.804563 0.0198851 0.00801125
2 0.798658 0.769987 0.0218352 0.00681934
2 0.737151 0.705013 0.0211036 0.00575892
2 0.736045 0.805006 0.0224214 0.00714016
