0 0.483563 0.587112 0.32686 0.23389
2 0.690377 0.792438 0.0209066 0.0084795
2 0.669607 0.805099 0.0188374 0.00712853
2 0.64523 0.705031 0.0197494 0.00624199
2 0.713494 0.781955 0.0216471 0.00744502
2 0.750854 0.791263 0.0198761 0.0082386
2 0.706858 0.829159 0.0217428 0.0081234
2 0.643472 0.719543 0.0200445 0.00789795
2 0.692453 0.682707 0.0200998 0.00817293
2 0.689243 0.74341 0.0204366 0.00767765
2 0.782923 0.770334 0.0212126 0.00721874
2 0.600778 0.692199 0.0208772 0.00813179
2 0.671333 0.830091 0.0209883 0.00897579
0 0.821943 0.613717 0.356114 0.130687
2 0.599824 0.730082 0.0223416 0.0078249
2 0.752893 0.770547 0.0234426 0.00652771
2 0.729084 0.816444 0.0209062 0.00888386
2 0.804792 0.817558 0.0197588 0.00811539
2 0.750254 0.830158 0.0214735 0.00852966
2 0.642463 0.771768 0.0187276 0.0102073
