0 0.484356 0.595865 0.331217 0.241318
2 0.664982 0.721068 0.0195362 0.00713997
2 0.710503 0.717539 0.0176685 0.00666409
2 0.797886 0.754599 0.0222317 0.00748501
2 0.754483 0.833073 0.0203895 0.00845871
2 0.806586 0.807152 0.0207009 0.00754026
2 0.759771 0.730982 0.0177867 0.00604763
2 0.792758 0.830361 0.0203787 0.00803871
2 0.736374 0.804429 0.020883 0.00788021
2 0.716926 0.758484 0.0319424 0.011983
0 0.822227 0.624603 0.355545 0.146201
2 0.622753 0.746937 0.0217272 0.009014
2 0.77505 0.808427 0.0203708 0.00753746
2 0.844355 0.855259 0.0224006 0.00920315
2 0.738373 0.706016 0.0217265 0.00482769
2 0.66523 0.791194 0.018911 0.0106232
2 0.683269 0.805382 0.0203212 0.00803719
2 0.84088 0.705084 0.019554 0.00793877
2 0.756112 0.755119 0.0195099 0.00634842
