0 0.484322 0.606301 0.33851 0.261141
2 0.799499 0.755278 0.0227061 0.00709915
2 0.66429 0.741475 0.0189828 0.00811043
2 0.685292 0.808234 0.0225908 0.0086071
2 0.756343 0.834243 0.0206216 0.00874672
2 0.664488 0.792507 0.0188175 0.00925064
2 0.620905 0.716253 0.0216966 0.00823174
2 0.794568 0.832451 0.0210344 0.00813828
2 0.807148 0.807896 0.0209229 0.00792389
2 0.713636 0.817794 0.0200409 0.00720158
2 0.739059 0.804977 0.0214293 0.00759258
2 0.660716 0.834646 0.0215754 0.01043
0 0.821985 0.626391 0.35603 0.148413
2 0.847974 0.857616 0.0186269 0.0100024
2 0.736625 0.706706 0.0224901 0.00527401
2 0.760503 0.732012 0.0185728 0.00528196
2 0.669243 0.721154 0.0262825 0.0076053
2 0.777548 0.792624 0.0209317 0.00636597
2 0.712218 0.719255 0.0169902 0.00494531
2 0.893882 0.848096 0.0179028 0.0117046
