0 0.59909 0.61807 0.326866 0.215021
2 0.818234 0.854816 0.0218614 0.00776787
2 0.781823 0.831151 0.0167443 0.00603142
2 0.83953 0.841912 0.0201791 0.00798111
2 0.861603 0.819337 0.0193342 0.00696373
2 0.803577 0.770141 0.0227617 0.00745869
2 0.758729 0.745041 0.0179152 0.00672315
2 0.780807 0.855779 0.0193403 0.00635262
2 0.888799 0.768532 0.0210792 0.00572084
2 0.920731 0.788073 0.0175161 0.00734425
2 0.757836 0.733229 0.0174635 0.0081185
2 0.803119 0.820131 0.0188388 0.00706774
2 0.895419 0.818302 0.0209188 0.0071209
2 0.916109 0.845917 0.0192515 0.0071228
2 0.779618 0.706782 0.0180488 0.00567627
2 0.714868 0.757605 0.0185232 0.00840721
