0 0.497081 0.604645 0.347054 0.259304
2 0.691404 0.819265 0.0196465 0.00800552
2 0.712337 0.793987 0.0202715 0.00800514
2 0.8026 0.795902 0.0209812 0.00815551
2 0.689164 0.729485 0.017062 0.00770747
0 0.830381 0.619823 0.339238 0.143938
2 0.821724 0.741933 0.0209576 0.00704676
2 0.820253 0.816659 0.0186851 0.00773392
2 0.783634 0.819473 0.0203986 0.00758133
2 0.733943 0.695362 0.0200721 0.0067304
2 0.736709 0.744614 0.0250604 0.00964375
2 0.823289 0.757647 0.0206184 0.00732549
2 0.831068 0.788498 0.0172085 0.00580864
2 0.731811 0.841029 0.0196228 0.00909653
2 0.644488 0.704193 0.0195502 0.00729332
2 0.835859 0.792702 0.0227385 0.00797806
2 0.860812 0.821832 0.020811 0.00967712
2 0.782617 0.718963 0.0184275 0.00501448
