0 0.484619 0.593852 0.331042 0.236029
2 0.798221 0.754529 0.021775 0.00761191
2 0.75553 0.833962 0.0211555 0.0085701
2 0.710334 0.717926 0.0175026 0.00615686
2 0.684227 0.80664 0.0215041 0.00831852
2 0.717556 0.75882 0.0311907 0.0129801
2 0.665056 0.791612 0.0197542 0.0103899
2 0.761265 0.731247 0.0197845 0.00575434
2 0.663869 0.741305 0.0184496 0.0083931
2 0.664785 0.721238 0.0189241 0.00722847
2 0.793393 0.831542 0.020438 0.00818405
2 0.807108 0.807689 0.020756 0.00795441
0 0.822932 0.624904 0.354137 0.146162
2 0.816454 0.691813 0.0221444 0.00841878
2 0.621418 0.716279 0.0229351 0.00856094
2 0.774784 0.808965 0.0203586 0.00807978
2 0.739423 0.706541 0.0216834 0.00521723
2 0.65996 0.832118 0.0221899 0.0088047
2 0.737173 0.8046 0.0203683 0.00745335
2 0.840972 0.705029 0.0194589 0.00831795
