0 0.482396 0.588336 0.328242 0.236724
2 0.692579 0.793584 0.0200124 0.00776176
2 0.670754 0.80573 0.0179796 0.00727234
2 0.707621 0.829457 0.0228421 0.00836919
2 0.644019 0.719954 0.0207357 0.00797005
2 0.646062 0.705996 0.0188524 0.00600052
2 0.750091 0.791207 0.0205441 0.00851936
2 0.689727 0.744423 0.020183 0.00677134
2 0.671496 0.830967 0.0208366 0.00901299
2 0.713349 0.782839 0.0205004 0.00726471
2 0.730477 0.816691 0.0214769 0.00910835
2 0.778213 0.75506 0.0222053 0.00748081
0 0.821897 0.61182 0.356205 0.128415
2 0.600466 0.731117 0.0214598 0.00846456
2 0.807193 0.818417 0.0215339 0.00874825
2 0.747737 0.788305 0.0225538 0.00644709
2 0.600571 0.693696 0.0215402 0.00766277
2 0.69327 0.682771 0.0198354 0.00832672
2 0.869877 0.829121 0.0185425 0.0104088
2 0.784075 0.788063 0.0204987 0.00627308
2 0.751616 0.83186 0.0219911 0.00798931
