0 0.484504 0.59514 0.329922 0.240434
2 0.754017 0.831238 0.0206286 0.0085289
2 0.664392 0.720836 0.0196808 0.00675774
2 0.806751 0.806871 0.021228 0.0079464
2 0.792612 0.829397 0.0204442 0.00860424
2 0.735265 0.804393 0.0224004 0.00812035
2 0.77455 0.808071 0.0205439 0.00761299
2 0.798197 0.754879 0.022565 0.00688725
2 0.682801 0.804939 0.0204834 0.00828578
2 0.710951 0.717746 0.0175571 0.0062383
2 0.843798 0.854637 0.0230465 0.00914955
2 0.736925 0.704809 0.0214013 0.00577908
2 0.622244 0.746875 0.0220992 0.00912641
0 0.8221 0.62346 0.3558 0.146414
2 0.731944 0.847382 0.021933 0.00933762
2 0.816895 0.691184 0.0208483 0.00851955
2 0.718176 0.758696 0.0316189 0.0104229
2 0.893066 0.846116 0.0187064 0.0113967
2 0.840964 0.705147 0.0199839 0.00780919
2 0.796915 0.770537 0.020481 0.00736491
