0 0.642529 0.740843 0.284543 0.206981
2 0.891761 0.971746 0.0205905 0.00932503
0 0.88827 0.791199 0.223459 0.131215
2 0.799491 0.983396 0.0216843 0.00890331
2 0.87332 0.99322 0.0214216 0.0114395
2 0.906407 0.994706 0.0226349 0.00891304
2 0.928844 0.97985 0.0199961 0.0091713
2 0.824675 0.905334 0.0188248 0.00803337
2 0.842998 0.942851 0.0206139 0.006707
2 0.932318 0.842721 0.0186988 0.00631752
2 0.801142 0.958703 0.0190074 0.00742588
2 0.78316 0.869515 0.0165866 0.00805054
2 0.907333 0.906693 0.0214033 0.00646782
