0 0.638502 0.694242 0.292374 0.206757
2 0.893149 0.920721 0.0198278 0.00803096
2 0.830853 0.937548 0.0223918 0.00691109
2 0.905335 0.942249 0.0208676 0.00829086
0 0.887818 0.74283 0.224363 0.139115
2 0.842634 0.892354 0.021364 0.00685272
2 0.823821 0.855022 0.0202755 0.00780716
2 0.869569 0.869262 0.0215837 0.00771065
2 0.800604 0.932885 0.0197316 0.00653229
2 0.952689 0.806011 0.0196717 0.00814171
2 0.78116 0.829211 0.0159085 0.00794334
2 0.930846 0.93009 0.0200334 0.00800171
2 0.787166 0.813568 0.0168711 0.00619736
2 0.937361 0.846414 0.0199393 0.00903091
