0 0.405949 0.754077 0.395849 0.329435
2 0.593136 0.971525 0.0249674 0.0126864
2 0.662414 0.918202 0.0243944 0.0117428
2 0.714723 0.909086 0.0225257 0.00930672
2 0.865493 0.944492 0.0227882 0.0122012
2 0.821439 0.947388 0.0245351 0.0128056
2 0.797452 0.927788 0.0238898 0.0110755
2 0.658753 0.966608 0.0256501 0.0110558
2 0.840358 0.928092 0.0206953 0.0108604
2 0.671912 0.994418 0.0221038 0.00977593
0 0.795997 0.791715 0.408007 0.190955
2 0.585826 0.994613 0.0228786 0.0098587
2 0.425791 0.953859 0.0242864 0.0136112
2 0.716374 0.983872 0.0215381 0.0120857
2 0.741725 0.936633 0.027002 0.00956802
