2 0.504135 0.482074 0.0299814 0.0099987
2 0.505524 0.506651 0.0295462 0.00960369
2 0.547142 0.458669 0.027595 0.0097661
2 0.460893 0.531107 0.0299685 0.00979767
2 0.460298 0.482801 0.0288358 0.00885449
2 0.461204 0.506616 0.0302561 0.00971661
2 0.506366 0.530864 0.0295701 0.00983095
2 0.548546 0.481533 0.02942 0.00939217
2 0.503044 0.458584 0.0270279 0.00897141
2 0.549623 0.505431 0.0306229 0.0095521
2 0.415822 0.506707 0.0289557 0.00930119
2 0.461265 0.458877 0.0292982 0.00848293
2 0.416163 0.48281 0.0292251 0.00843086
