0 0.485108 0.595216 0.332891 0.238898
2 0.782902 0.805074 0.0204973 0.00833206
2 0.670312 0.719551 0.0181708 0.00693423
2 0.803846 0.767381 0.0177621 0.00729866
2 0.626044 0.745361 0.0194941 0.00966155
2 0.66789 0.829163 0.0215291 0.00860023
2 0.725839 0.807489 0.0229847 0.00798206
2 0.842133 0.832336 0.0202816 0.00895996
2 0.906587 0.842358 0.0209651 0.0113026
2 0.803951 0.757008 0.0214956 0.00718219
2 0.817794 0.804158 0.0194029 0.00750656
2 0.742172 0.845438 0.0218417 0.00943337
0 0.823047 0.624626 0.353906 0.146708
2 0.714697 0.757811 0.018513 0.00725555
2 0.845853 0.781002 0.0187503 0.00805111
2 0.756781 0.679108 0.0193654 0.00764395
