2 0.550783 0.532241 0.0305193 0.00947113
2 0.595346 0.531536 0.0306777 0.00998402
2 0.506377 0.532826 0.0311217 0.0089894
2 0.640405 0.53067 0.0301392 0.0096441
2 0.594563 0.507078 0.0304523 0.009303
2 0.637438 0.48269 0.0293914 0.00916624
2 0.639218 0.506447 0.030273 0.00961151
2 0.593232 0.483627 0.0287372 0.0090992
2 0.681486 0.481546 0.0285803 0.00925274
2 0.505762 0.508361 0.0313612 0.00875098
2 0.462003 0.533663 0.0307967 0.00856419
2 0.549695 0.508398 0.029139 0.00888987
2 0.549368 0.483654 0.0299296 0.00853825
