0 0.485096 0.600527 0.339535 0.250192
2 0.801231 0.754622 0.0215624 0.00780633
2 0.665792 0.741687 0.0187564 0.00792694
2 0.686377 0.808381 0.0229427 0.00853767
2 0.757319 0.83413 0.0199673 0.00862045
2 0.796537 0.831448 0.0218106 0.00810343
2 0.842547 0.704779 0.0199185 0.00837898
2 0.662796 0.834642 0.0224286 0.0107853
2 0.62209 0.716202 0.0208375 0.00844154
2 0.714259 0.706918 0.0191893 0.00626876
0 0.822052 0.62588 0.355896 0.148392
2 0.815504 0.855163 0.0201975 0.00841713
2 0.740697 0.804783 0.0232695 0.00811462
2 0.7803 0.853726 0.018317 0.00908718
2 0.735695 0.706306 0.0226322 0.00576782
2 0.704562 0.854437 0.0211232 0.00953922
2 0.761868 0.731739 0.0197303 0.0055872
2 0.817035 0.69177 0.0210531 0.00815659
2 0.73755 0.853615 0.0188755 0.00989475
2 0.712668 0.719318 0.0176205 0.00488942
2 0.807776 0.807717 0.021284 0.00803299
2 0.666834 0.792687 0.0179209 0.00936966
2 0.668608 0.721062 0.0239771 0.00757866
2 0.838287 0.755162 0.0205295 0.00831909
