0 0.488358 0.595568 0.332062 0.244555
2 0.75804 0.782975 0.028913 0.00858542
2 0.773389 0.816911 0.0215386 0.00914574
2 0.754816 0.831222 0.0220913 0.00943756
2 0.797592 0.832134 0.0220184 0.00829239
2 0.735338 0.795083 0.0190467 0.00799993
2 0.6822 0.708109 0.0209906 0.00678558
2 0.791689 0.792177 0.0218665 0.00832068
0 0.826686 0.612281 0.346628 0.140143
2 0.639239 0.734401 0.0213077 0.00883942
2 0.826162 0.791672 0.0197971 0.00805829
2 0.744137 0.688032 0.020852 0.00589466
2 0.737213 0.746007 0.0325892 0.0101543
