0 0.485059 0.595638 0.333076 0.239145
2 0.668615 0.720691 0.0193385 0.0077755
2 0.804276 0.769507 0.0187003 0.00781345
2 0.782875 0.807603 0.0209003 0.00804024
2 0.800835 0.829048 0.0201094 0.00813751
2 0.62545 0.746606 0.0200412 0.00952994
2 0.715236 0.758837 0.0204252 0.00909958
2 0.667671 0.830306 0.022574 0.00891151
2 0.689989 0.804742 0.0188911 0.00786209
2 0.816543 0.804739 0.0202967 0.00766716
2 0.905126 0.843796 0.0207055 0.0117146
2 0.739995 0.845967 0.0194275 0.00900904
0 0.82322 0.624812 0.35356 0.146713
2 0.726687 0.808068 0.0207998 0.00779114
2 0.75826 0.679862 0.0177082 0.00769456
2 0.843754 0.783252 0.0213494 0.00902774
2 0.803413 0.755916 0.0193983 0.00604744
2 0.712116 0.719083 0.0166307 0.00535819
2 0.762179 0.830944 0.0197415 0.00832825
