0 0.484204 0.590257 0.333791 0.235163
2 0.732682 0.792856 0.0245063 0.00855331
2 0.686558 0.817198 0.0205019 0.00781097
2 0.802132 0.84428 0.0209427 0.00854797
2 0.707308 0.804171 0.0212596 0.00843086
2 0.64785 0.821875 0.018575 0.00962448
2 0.782494 0.820723 0.0183095 0.0079586
2 0.823053 0.82891 0.0198386 0.00865364
0 0.820363 0.620543 0.359273 0.140412
2 0.660218 0.729372 0.0214782 0.00899715
2 0.714883 0.754752 0.0323673 0.00993691
2 0.689401 0.842358 0.0212653 0.00939382
2 0.672376 0.796132 0.0215008 0.00831032
2 0.615509 0.703742 0.0216606 0.00844784
2 0.769672 0.84159 0.0218787 0.00937862
2 0.827193 0.759244 0.0182431 0.00871201
2 0.725242 0.841596 0.0211626 0.00821075
2 0.705812 0.706976 0.0204905 0.00561504
