2 0.594584 0.531288 0.0308443 0.00962756
2 0.550277 0.531849 0.0300752 0.00965138
2 0.548081 0.507941 0.0287742 0.00923205
2 0.505488 0.532681 0.0304096 0.0087574
2 0.592673 0.506588 0.029494 0.00902052
2 0.45439 0.441279 0.0263435 0.0097106
2 0.639605 0.530093 0.0297836 0.00896734
2 0.504029 0.508832 0.029276 0.00899811
2 0.498908 0.440596 0.0263487 0.0102266
2 0.461141 0.533213 0.0304545 0.0079483
2 0.205059 0.359108 0.0715072 0.0307899
2 0.551131 0.556707 0.0298447 0.0105333
2 0.460448 0.508857 0.030174 0.00858669
2 0.675154 0.4583 0.0268118 0.010826
