0 0.49914 0.587438 0.326434 0.221993
2 0.684972 0.805001 0.0190708 0.00775185
2 0.819617 0.817596 0.0201013 0.00875893
0 0.824767 0.618645 0.350467 0.132546
2 0.781317 0.80914 0.0204597 0.00853348
2 0.710082 0.74494 0.0260278 0.00825195
2 0.756494 0.717598 0.0183378 0.0062912
2 0.671676 0.78263 0.026149 0.00974121
2 0.735573 0.693054 0.0201833 0.00522671
2 0.761516 0.792683 0.0201911 0.00816841
2 0.662551 0.707379 0.0195103 0.0057869
2 0.82725 0.76863 0.0178689 0.00849686
2 0.648794 0.809352 0.0200614 0.00911128
