0 0.493118 0.601117 0.342178 0.257004
2 0.757895 0.782327 0.0251946 0.00830059
2 0.757111 0.830417 0.0195068 0.0081988
2 0.794547 0.791714 0.020361 0.0080349
0 0.827117 0.612186 0.345766 0.142392
2 0.738386 0.794939 0.0199615 0.00760384
2 0.828561 0.788324 0.0205525 0.00640272
2 0.73572 0.745089 0.0283388 0.00987924
2 0.824724 0.77034 0.0199048 0.00693989
2 0.682275 0.708244 0.0197275 0.00719624
2 0.775827 0.816981 0.0204651 0.00874901
2 0.800611 0.831735 0.0205321 0.00785039
2 0.729954 0.705382 0.0203369 0.00615184
2 0.685192 0.816023 0.0238616 0.00953573
2 0.777588 0.717782 0.0194811 0.00648918
2 0.829392 0.791664 0.0227892 0.00881558
2 0.6433 0.734144 0.0216565 0.00826607
2 0.790913 0.788561 0.0207435 0.00638167
