0 0.486059 0.599562 0.330782 0.249924
2 0.752695 0.791865 0.0231291 0.00783691
2 0.824811 0.841207 0.0192408 0.00936928
2 0.804903 0.819434 0.0184448 0.00825348
2 0.708654 0.816935 0.0192946 0.00770073
2 0.729659 0.804014 0.0208817 0.00838706
2 0.694753 0.796189 0.0200237 0.0086071
2 0.714379 0.841916 0.0225108 0.009198
2 0.806687 0.744667 0.0211551 0.00654081
2 0.749044 0.838529 0.0247755 0.00781085
2 0.801503 0.717494 0.0195219 0.00657304
2 0.792078 0.838092 0.0198856 0.00635529
2 0.828042 0.83779 0.0261726 0.00707588
0 0.822715 0.622743 0.35457 0.147318
2 0.845052 0.7594 0.0204074 0.00947685
2 0.81824 0.78032 0.0195743 0.00697301
2 0.750476 0.841038 0.0207821 0.00882397
2 0.737414 0.754285 0.0314549 0.0099425
2 0.819789 0.794916 0.0192424 0.0072642
2 0.706808 0.717461 0.0190345 0.00647545
2 0.672915 0.821326 0.0218878 0.010294
