0 0.498807 0.601722 0.346947 0.253412
2 0.737912 0.744804 0.0252619 0.00872612
2 0.644701 0.703818 0.0206041 0.00816765
0 0.831091 0.616166 0.337817 0.141164
2 0.803878 0.794292 0.0214074 0.00750605
2 0.824202 0.756939 0.0198112 0.00674458
2 0.822055 0.742347 0.0219442 0.00676098
2 0.689918 0.708432 0.0209432 0.00757745
2 0.691774 0.81735 0.0195314 0.00870934
2 0.712955 0.792483 0.0180349 0.00754255
2 0.647473 0.733798 0.0207397 0.00769043
2 0.734593 0.705885 0.0173909 0.00508436
2 0.782411 0.718978 0.0179562 0.00526276
2 0.759881 0.693863 0.0207547 0.00478706
2 0.763536 0.832389 0.021176 0.00923055
