0 0.483249 0.587571 0.334426 0.230473
2 0.646973 0.821521 0.0196314 0.00987473
2 0.685044 0.817119 0.0200394 0.00782509
2 0.729653 0.792129 0.0237044 0.00866432
2 0.798859 0.842422 0.0217295 0.00828095
2 0.78216 0.820308 0.0180654 0.00853958
2 0.672714 0.795662 0.0207808 0.00901216
2 0.707282 0.804094 0.0214439 0.00846176
0 0.819958 0.619487 0.360085 0.138825
2 0.825803 0.759156 0.0175098 0.00880686
2 0.687672 0.841662 0.0217312 0.00918999
2 0.705829 0.706801 0.0214567 0.00555248
2 0.659323 0.729189 0.021951 0.008693
2 0.706238 0.69388 0.0208269 0.00656338
2 0.654009 0.713657 0.0176025 0.00647252
2 0.795373 0.780186 0.0195211 0.00705369
