0 0.489135 0.595036 0.333319 0.242306
2 0.84832 0.819906 0.0214674 0.00819969
2 0.772041 0.817239 0.0211124 0.00874939
2 0.751535 0.833253 0.0233449 0.00914898
2 0.849052 0.769999 0.0173701 0.00832946
2 0.847554 0.692274 0.0192217 0.00739288
2 0.825053 0.791971 0.0178931 0.00723629
2 0.754039 0.791514 0.0228946 0.00755895
0 0.825657 0.614859 0.348686 0.139471
2 0.829106 0.837643 0.0255856 0.00861588
2 0.910782 0.829126 0.0213392 0.00993118
2 0.727681 0.7045 0.0212209 0.00704753
2 0.790894 0.794669 0.0227301 0.00718575
2 0.82982 0.788303 0.0191318 0.0056591
2 0.735424 0.746277 0.0338132 0.0113628
2 0.847074 0.756145 0.0169142 0.00722987
