0 0.485088 0.603651 0.337488 0.257565
2 0.799676 0.755549 0.022821 0.00703735
2 0.663995 0.741435 0.0190019 0.00820026
2 0.62072 0.716194 0.0219565 0.00826035
2 0.806435 0.808266 0.0205173 0.00784225
2 0.663859 0.792717 0.0188028 0.00951246
2 0.739407 0.804457 0.0222642 0.00769335
2 0.684994 0.808401 0.0222875 0.0086483
2 0.713398 0.817385 0.0199337 0.00767136
2 0.756281 0.834401 0.0209983 0.0089241
2 0.760519 0.731939 0.019077 0.00536162
2 0.659902 0.834319 0.021581 0.010004
2 0.79391 0.833108 0.0210992 0.0083765
0 0.822304 0.626417 0.355391 0.148749
2 0.846864 0.858655 0.0192173 0.00958099
2 0.89346 0.84827 0.018338 0.0118496
2 0.712007 0.719071 0.0172743 0.00496216
2 0.669253 0.721203 0.0258606 0.00764949
2 0.736777 0.706642 0.0230248 0.00516739
2 0.711586 0.707009 0.0181744 0.00607669
