0 0.484701 0.597205 0.331103 0.243524
2 0.784504 0.80407 0.0225847 0.00890643
2 0.71074 0.845387 0.0215468 0.00944824
2 0.670817 0.7184 0.0184087 0.00659116
2 0.804538 0.766618 0.0186347 0.00828552
2 0.726914 0.806117 0.0227759 0.00845833
2 0.820969 0.846285 0.0236772 0.00885811
2 0.70583 0.820283 0.0214901 0.00714951
2 0.802775 0.745802 0.0206702 0.00765038
2 0.843781 0.82971 0.0215312 0.00827332
2 0.802422 0.822248 0.0207886 0.00963783
2 0.799059 0.718694 0.0208213 0.00495351
2 0.908696 0.840915 0.0219035 0.0105766
0 0.82353 0.623533 0.352939 0.144875
2 0.626118 0.744391 0.0194597 0.00918134
2 0.668573 0.828756 0.0196197 0.00901032
