0 0.472534 0.606667 0.355816 0.254891
2 0.755645 0.84593 0.0205828 0.00835476
0 0.820569 0.628991 0.358861 0.147738
2 0.75636 0.742698 0.0212423 0.00631504
2 0.794687 0.84204 0.0206768 0.00845604
2 0.776852 0.820898 0.0201575 0.00752563
2 0.660819 0.733066 0.0202003 0.00691071
2 0.798904 0.782472 0.0216042 0.00751082
2 0.809012 0.819138 0.023067 0.00804215
2 0.683333 0.818866 0.0211155 0.00755768
2 0.663463 0.804144 0.0198017 0.00984567
2 0.708545 0.730748 0.0204264 0.00596943
2 0.71203 0.767856 0.0318861 0.0106904
