0 0.496951 0.596229 0.34233 0.243308
2 0.689986 0.708631 0.0197322 0.00747134
2 0.802654 0.79143 0.0207613 0.00854556
2 0.646923 0.733813 0.0205066 0.00832157
2 0.739943 0.745391 0.0273383 0.00919043
0 0.831827 0.613461 0.336346 0.139223
2 0.824299 0.809273 0.0226318 0.00927239
2 0.64477 0.703611 0.0208659 0.0084713
2 0.749052 0.794273 0.022083 0.00755653
2 0.733001 0.832961 0.0214844 0.00882454
2 0.823773 0.755663 0.0193529 0.00644417
2 0.733581 0.705677 0.016126 0.00588074
2 0.822352 0.744132 0.0226483 0.00589485
2 0.831983 0.788377 0.0185964 0.00627569
2 0.7812 0.718711 0.0179576 0.00519199
