0 0.485814 0.601648 0.337446 0.254476
2 0.799438 0.754863 0.0226966 0.00739555
2 0.663858 0.741314 0.0191199 0.0081583
2 0.756031 0.834331 0.0210832 0.00910072
2 0.737011 0.706499 0.0227724 0.00525551
2 0.806605 0.807934 0.0205207 0.00782878
2 0.621063 0.71615 0.0227394 0.00852394
2 0.664054 0.792541 0.0190622 0.00990677
2 0.684793 0.808023 0.0220836 0.0085453
2 0.738903 0.804691 0.0214813 0.00774651
2 0.660094 0.833812 0.0217535 0.00971642
2 0.760852 0.731799 0.0193909 0.00533676
2 0.794253 0.832474 0.0209656 0.00806808
2 0.716507 0.759044 0.0311883 0.0120105
2 0.712006 0.718909 0.0169579 0.00511754
2 0.712881 0.817746 0.0194994 0.00724201
2 0.846361 0.858084 0.0197757 0.0100897
0 0.822559 0.625988 0.354882 0.148126
2 0.893197 0.848184 0.0182838 0.0117266
2 0.81635 0.692089 0.0212965 0.00810299
2 0.777615 0.792849 0.0208276 0.00624256
2 0.666965 0.721078 0.0215832 0.00744871
2 0.841338 0.705762 0.0196818 0.0079771
