0 0.403937 0.340909 0.492949 0.366771
1 0.569624 0.398119 0.072268 0.092476
2 0.192714 0.809561 0.034078 0.032915
2 0.159518 0.766066 0.032315 0.032132
2 0.161281 0.702194 0.028790 0.026646
2 0.220917 0.740204 0.031727 0.030564
2 0.260282 0.785266 0.034078 0.036050
2 0.288190 0.737461 0.032315 0.032915
2 0.331962 0.788793 0.031727 0.033699
2 0.350176 0.717868 0.029377 0.031348
2 0.389542 0.758621 0.031727 0.031348
2 0.397180 0.694749 0.028202 0.030564
2 0.445946 0.707288 0.028202 0.030564
2 0.181845 0.648903 0.029965 0.026646
2 0.215335 0.666536 0.027615 0.025862
2 0.244418 0.624216 0.027027 0.024295
2 0.214160 0.602273 0.025264 0.024295
2 0.183314 0.571708 0.025852 0.021160
2 0.194477 0.530172 0.023502 0.016458
2 0.229730 0.555251 0.025852 0.022727
2 0.263807 0.530564 0.022327 0.021944
2 0.261751 0.581505 0.027615 0.021944
2 0.284665 0.553292 0.020564 0.018809
2 0.302291 0.515282 0.025264 0.019592
2 0.319918 0.572492 0.025264 0.024295
2 0.289365 0.619906 0.026439 0.025078
2 0.279965 0.675940 0.029965 0.027429
2 0.349589 0.661834 0.028202 0.030564
2 0.346063 0.603448 0.027027 0.023511
2 0.339013 0.535658 0.024677 0.021160
2 0.348707 0.503135 0.021739 0.018809
2 0.361340 0.473746 0.014101 0.016458
2 0.386310 0.487853 0.019389 0.018025
2 0.392186 0.524295 0.021739 0.018809
2 0.372209 0.561129 0.022914 0.021944
2 0.397474 0.595219 0.024089 0.022727
2 0.399530 0.645768 0.028202 0.028213
2 0.440952 0.626567 0.024089 0.025862
2 0.443008 0.579937 0.023502 0.020376
2 0.430964 0.544279 0.021739 0.021160
2 0.430082 0.499216 0.022327 0.018809
2 0.468566 0.663793 0.024089 0.025078
2 0.512926 0.678683 0.025852 0.026646
2 0.481199 0.548197 0.022327 0.021160
2 0.474442 0.510972 0.019389 0.015674
2 0.503231 0.634013 0.024089 0.025078
2 0.511457 0.595219 0.022914 0.022727
2 0.512926 0.491379 0.021152 0.018809
2 0.522914 0.537226 0.023502 0.021160
2 0.535840 0.568966 0.024677 0.021944
2 0.553760 0.608150 0.026439 0.021944
2 0.551116 0.660266 0.027027 0.027429
2 0.590776 0.590125 0.024089 0.023511
2 0.545535 0.478056 0.020564 0.020376
2 0.546416 0.507053 0.021152 0.020376
2 0.484136 0.470219 0.018801 0.017241
2 0.574031 0.487461 0.019976 0.017241
2 0.573737 0.521552 0.019389 0.016458
2 0.572855 0.553683 0.024677 0.019592
2 0.617215 0.536834 0.024089 0.017241
2 0.631904 0.590517 0.025264 0.021160
2 0.648649 0.530564 0.023502 0.020376
2 0.614865 0.513323 0.020564 0.017241
2 0.641892 0.499216 0.020564 0.018809
2 0.609283 0.484326 0.018801 0.018809
2 0.585488 0.462774 0.018214 0.018025
2 0.620153 0.454154 0.019389 0.018025
2 0.646886 0.471003 0.018801 0.015674
2 0.650705 0.445141 0.020564 0.017241
2 0.589600 0.437696 0.017039 0.016458
2 0.625441 0.432602 0.018214 0.014107
2 0.628085 0.396944 0.017626 0.011755
2 0.661575 0.401646 0.018801 0.013323
2 0.672738 0.427116 0.018801 0.014107
2 0.719741 0.465909 0.022327 0.013323
2 0.685076 0.449451 0.018801 0.013323
2 0.567274 0.420063 0.015864 0.015674
2 0.772914 0.887539 0.025264 0.032132
2 0.717098 0.497649 0.021739 0.010972
2 0.685958 0.479624 0.017039 0.010972
2 0.630141 0.656740 0.025264 0.028213
2 0.584019 0.630486 0.025852 0.022727
