0 0.588425 0.536050 0.523502 0.432602
1 0.460341 0.526646 0.169800 0.095611
2 0.180082 0.468260 0.020564 0.024295
2 0.116627 0.471787 0.020564 0.023511
2 0.282021 0.407524 0.019976 0.023511
2 0.287603 0.298197 0.015864 0.011755
2 0.170975 0.377743 0.019976 0.010972
2 0.117215 0.380486 0.020564 0.010188
2 0.204465 0.361677 0.022327 0.008621
2 0.245887 0.354624 0.019389 0.008621
2 0.243537 0.340125 0.019389 0.006270
2 0.156580 0.361677 0.021739 0.008621
2 0.113102 0.361285 0.021739 0.007837
2 0.093713 0.371473 0.022914 0.007837
2 0.087838 0.394984 0.021739 0.009404
2 0.027615 0.352665 0.021152 0.009404
