0 0.756757 0.562696 0.486486 0.661442
0 0.359283 0.464342 0.475323 0.558777
1 0.252644 0.564263 0.157462 0.097179
2 0.041128 0.757445 0.023502 0.030564
2 0.087544 0.720611 0.024677 0.030564
2 0.173913 0.546630 0.017626 0.022727
2 0.221504 0.550157 0.017626 0.023511
2 0.248825 0.567790 0.019389 0.024295
2 0.202703 0.596787 0.019976 0.025862
2 0.054642 0.486677 0.018801 0.023511
2 0.327556 0.359718 0.020564 0.021944
2 0.392186 0.447492 0.014689 0.021944
2 0.465922 0.476881 0.015276 0.022727
2 0.537603 0.339342 0.014101 0.020376
2 0.462985 0.363636 0.011751 0.021944
2 0.513807 0.387147 0.009988 0.021944
2 0.490599 0.443182 0.015276 0.022727
2 0.184489 0.582288 0.012926 0.017241
