0 0.232080 0.403997 0.439483 0.362853
0 0.659518 0.458072 0.414219 0.344044
1 0.821680 0.579937 0.040541 0.072100
2 0.416275 0.809953 0.022914 0.024295
2 0.435958 0.769201 0.022327 0.022727
2 0.455640 0.818574 0.022914 0.024295
2 0.413925 0.737069 0.020564 0.024295
2 0.430376 0.710815 0.018214 0.021944
2 0.447415 0.732367 0.021739 0.024295
2 0.395123 0.661442 0.014689 0.023511
2 0.478555 0.761364 0.021739 0.022727
2 0.488543 0.794279 0.019389 0.022727
2 0.522620 0.755878 0.022914 0.024295
2 0.532021 0.796630 0.024089 0.024295
2 0.500588 0.726881 0.021152 0.021160
2 0.518508 0.681818 0.021739 0.020376
2 0.532315 0.711207 0.021152 0.019592
2 0.553467 0.681818 0.018801 0.018809
2 0.558461 0.741771 0.024089 0.021160
2 0.573149 0.771552 0.020564 0.018025
2 0.585194 0.713166 0.019976 0.020376
2 0.566099 0.645376 0.018214 0.018025
2 0.601351 0.615204 0.020564 0.020376
2 0.598120 0.646160 0.019976 0.021160
2 0.592538 0.678292 0.020564 0.019592
2 0.621034 0.711599 0.018801 0.018809
2 0.599001 0.738636 0.020564 0.018025
2 0.634841 0.643417 0.018214 0.017241
2 0.631022 0.676332 0.021152 0.018809
2 0.579025 0.577194 0.017039 0.008621
2 0.634254 0.611677 0.018214 0.016458
2 0.674501 0.601881 0.019976 0.017241
2 0.705053 0.592085 0.017626 0.014890
2 0.705640 0.623824 0.018801 0.017241
2 0.677732 0.636364 0.019389 0.017241
2 0.663043 0.659875 0.020564 0.017241
2 0.740893 0.642241 0.018801 0.018025
2 0.712985 0.664577 0.021739 0.018809
2 0.739718 0.693182 0.023502 0.021160
2 0.717685 0.721787 0.020564 0.018809
2 0.748825 0.736677 0.022914 0.021944
2 0.670388 0.713166 0.022327 0.021944
2 0.614865 0.776254 0.024089 0.021160
2 0.646298 0.742947 0.023502 0.021944
2 0.656287 0.784091 0.023502 0.021160
2 0.688895 0.750392 0.022914 0.022727
2 0.699471 0.799373 0.022914 0.023511
2 0.728848 0.770376 0.021739 0.025078
2 0.767626 0.775078 0.022914 0.023511
2 0.744418 0.810345 0.023502 0.025078
2 0.786722 0.826411 0.028202 0.028997
2 0.942127 0.737069 0.026439 0.024295
2 0.984430 0.769984 0.025264 0.022727
