0 0.255875 0.367555 0.509401 0.471787
0 0.757051 0.371865 0.475323 0.369122
2 0.510870 0.781348 0.022914 0.028213
2 0.552291 0.780956 0.024677 0.027429
2 0.587544 0.764498 0.021152 0.025862
2 0.526733 0.733542 0.022914 0.026646
2 0.514101 0.666928 0.018801 0.023511
2 0.534078 0.693182 0.021152 0.028997
2 0.567568 0.732367 0.024677 0.025862
2 0.586663 0.678683 0.020564 0.023511
2 0.603995 0.712774 0.024677 0.025862
2 0.600470 0.640282 0.021152 0.023511
2 0.622209 0.671238 0.023502 0.022727
2 0.640129 0.637539 0.020564 0.021160
2 0.644242 0.712774 0.024089 0.024295
2 0.627497 0.748041 0.023502 0.025862
2 0.667450 0.741771 0.021152 0.019592
2 0.680964 0.637147 0.022327 0.020376
2 0.651880 0.599138 0.020564 0.018025
2 0.670094 0.562696 0.020564 0.018809
2 0.684489 0.594436 0.019976 0.021160
2 0.714160 0.567398 0.018214 0.018809
2 0.722385 0.601097 0.019389 0.020376
2 0.721504 0.636364 0.021152 0.020376
2 0.673913 0.675157 0.019976 0.021160
2 0.693596 0.707680 0.022914 0.020376
2 0.706228 0.674373 0.022327 0.021160
2 0.711516 0.764890 0.027027 0.025078
2 0.645417 0.520768 0.018214 0.013323
2 0.756463 0.555643 0.019389 0.020376
2 0.754407 0.589734 0.019976 0.019592
2 0.755288 0.623041 0.020564 0.021944
2 0.757638 0.679075 0.022914 0.022727
2 0.732961 0.710815 0.024089 0.025078
2 0.749119 0.756661 0.023502 0.022727
2 0.776733 0.716693 0.024677 0.024295
2 0.793184 0.777821 0.024677 0.025862
2 0.816686 0.744514 0.022327 0.026646
2 0.837544 0.711599 0.024089 0.026646
2 0.857814 0.755094 0.022327 0.024295
2 0.839600 0.790361 0.024677 0.027429
2 0.819918 0.611677 0.019389 0.021160
2 0.791716 0.637147 0.020564 0.020376
2 0.796122 0.671630 0.021152 0.020376
2 0.830494 0.658699 0.022914 0.022727
2 0.788484 0.585815 0.019976 0.019592
2 0.798472 0.554075 0.018801 0.017241
2 0.507344 0.902038 0.018214 0.031348
2 0.453584 0.635188 0.012926 0.019592
2 0.465335 0.601489 0.014101 0.022727
2 0.550823 0.565439 0.013514 0.019592
