0 0.236193 0.300157 0.399530 0.260188
1 0.398355 0.395768 0.034078 0.073668
0 0.619859 0.425940 0.411281 0.262539
2 0.551116 0.647335 0.011751 0.021944
2 0.526439 0.692790 0.012926 0.023511
2 0.382491 0.660658 0.019976 0.028213
2 0.356345 0.710815 0.018214 0.025078
2 0.371034 0.747649 0.022914 0.029781
2 0.394242 0.768417 0.021152 0.028997
2 0.403055 0.723746 0.021152 0.032132
2 0.414512 0.673197 0.019389 0.026646
2 0.461810 0.664577 0.021152 0.023511
2 0.467098 0.610110 0.021152 0.016458
2 0.464160 0.580329 0.017626 0.016458
2 0.249119 0.451803 0.016451 0.010188
2 0.225029 0.447100 0.015276 0.008621
2 0.280259 0.440831 0.016451 0.010188
2 0.304642 0.445925 0.015864 0.009404
2 0.313455 0.428683 0.014689 0.009404
2 0.340482 0.440831 0.015864 0.010188
2 0.323443 0.456505 0.015864 0.010188
2 0.373678 0.443574 0.016451 0.010972
2 0.350176 0.456897 0.016451 0.010972
2 0.377497 0.462382 0.017039 0.012539
2 0.196827 0.460815 0.018801 0.009404
2 0.248531 0.476489 0.017626 0.010972
2 0.275852 0.462774 0.017039 0.010188
2 0.301410 0.470219 0.016451 0.012539
2 0.327262 0.469044 0.015276 0.008621
2 0.345770 0.484718 0.017039 0.011755
2 0.405112 0.451803 0.017039 0.008621
2 0.379553 0.478840 0.016451 0.012539
2 0.299354 0.496082 0.017039 0.012539
2 0.325499 0.501567 0.017626 0.010972
2 0.354877 0.502351 0.017626 0.012539
2 0.262338 0.503135 0.015864 0.009404
2 0.285253 0.514890 0.017039 0.010972
2 0.296710 0.538401 0.018801 0.014107
2 0.268508 0.483934 0.017626 0.010188
2 0.435076 0.532132 0.011163 0.017241
2 0.598414 0.541536 0.011163 0.015674
2 0.594007 0.568574 0.011751 0.018025
2 0.103408 0.485110 0.018801 0.012539
2 0.134548 0.468652 0.016451 0.012539
2 0.138660 0.449060 0.015276 0.010972
2 0.162456 0.441614 0.013514 0.011755
2 0.160693 0.456897 0.014689 0.014107
2 0.157756 0.477273 0.018214 0.010972
2 0.124853 0.492555 0.017039 0.010188
2 0.150705 0.494122 0.018214 0.010188
2 0.187427 0.477273 0.016451 0.009404
2 0.222092 0.464342 0.015276 0.008621
2 0.207991 0.484326 0.017626 0.010972
2 0.217685 0.519592 0.018214 0.009404
2 0.180670 0.494906 0.017039 0.008621
2 0.260282 0.546630 0.018801 0.011755
2 0.239718 0.493339 0.017626 0.008621
2 0.331375 0.530956 0.017626 0.011755
2 0.283490 0.563871 0.017039 0.011755
2 0.317274 0.554075 0.016451 0.012539
2 0.297591 0.590517 0.017039 0.016458
