0 0.210047 0.394201 0.418919 0.311912
0 0.608989 0.480016 0.424794 0.276646
2 0.572562 0.618730 0.019389 0.022727
2 0.639835 0.637931 0.019976 0.020376
2 0.646298 0.659483 0.019976 0.019592
2 0.670682 0.646160 0.018214 0.019592
2 0.683020 0.674373 0.021739 0.016458
2 0.700059 0.711599 0.021739 0.021944
2 0.735899 0.695925 0.025264 0.020376
2 0.718273 0.658699 0.021739 0.018025
2 0.705053 0.625000 0.019976 0.018025
2 0.698590 0.591693 0.018801 0.015674
2 0.738249 0.631661 0.018214 0.015674
2 0.748531 0.664577 0.021152 0.015674
2 0.772620 0.644984 0.019976 0.018809
2 0.796416 0.626959 0.020564 0.015674
2 0.767920 0.614812 0.017626 0.014890
2 0.727967 0.605408 0.017626 0.013323
2 0.727086 0.577978 0.018214 0.013323
2 0.712691 0.552116 0.018801 0.014890
2 0.711516 0.517241 0.018801 0.014107
2 0.740306 0.513715 0.019976 0.011755
2 0.766157 0.494514 0.016451 0.010972
2 0.791422 0.477273 0.017626 0.010972
2 0.797591 0.497257 0.015864 0.011755
2 0.826675 0.507837 0.014101 0.012539
2 0.789659 0.514107 0.016451 0.012539
2 0.763220 0.528997 0.017626 0.012539
2 0.731786 0.535658 0.017039 0.016458
2 0.751469 0.562696 0.019976 0.014107
2 0.764689 0.588166 0.019389 0.013323
2 0.775558 0.549765 0.018801 0.013323
2 0.795535 0.532132 0.017626 0.012539
2 0.788190 0.577194 0.019389 0.014890
2 0.797591 0.598746 0.019389 0.015674
2 0.826968 0.530956 0.019389 0.013323
2 0.821387 0.563480 0.017626 0.014107
2 0.822562 0.588950 0.018801 0.013323
2 0.846651 0.550157 0.018801 0.009404
2 0.863690 0.532915 0.016451 0.012539
2 0.856933 0.581113 0.019389 0.014890
2 0.850764 0.610110 0.019976 0.013323
2 0.832844 0.627743 0.020564 0.015674
2 0.889835 0.559561 0.019389 0.015674
2 0.892773 0.584639 0.019389 0.017241
2 0.888660 0.610110 0.021739 0.019592
2 0.919506 0.579937 0.021152 0.017241
2 0.921269 0.604624 0.018801 0.018025
