0 0.651880 0.694749 0.445946 0.500784
2 0.222092 0.617555 0.016451 0.018809
2 0.250588 0.617163 0.019389 0.019592
2 0.302585 0.587774 0.014101 0.021944
2 0.439189 0.625784 0.013514 0.016458
2 0.174794 0.666928 0.019389 0.020376
2 0.211222 0.650862 0.018214 0.018025
2 0.242656 0.641850 0.018801 0.017241
2 0.195065 0.696708 0.019976 0.020376
2 0.235311 0.682210 0.018214 0.019592
2 0.228555 0.708072 0.017626 0.016458
2 0.272914 0.668495 0.019389 0.017241
2 0.265864 0.697100 0.018214 0.016458
2 0.256169 0.729232 0.021152 0.016458
2 0.298179 0.688480 0.017039 0.014890
2 0.312280 0.661442 0.019389 0.017241
2 0.329318 0.683777 0.018214 0.019592
2 0.289659 0.724530 0.018801 0.019592
2 0.280846 0.753135 0.019976 0.017241
2 0.329906 0.725705 0.020564 0.021944
2 0.368390 0.673589 0.018801 0.019592
2 0.360752 0.710815 0.019976 0.021944
2 0.394536 0.690831 0.017039 0.018025
2 0.415981 0.668495 0.017626 0.018809
2 0.317274 0.753527 0.019976 0.019592
2 0.349001 0.747257 0.019976 0.018025
2 0.385723 0.735893 0.019389 0.021944
2 0.413925 0.723746 0.018214 0.019592
2 0.433608 0.699451 0.017626 0.018025
2 0.466804 0.725313 0.018214 0.016458
2 0.411868 0.753918 0.017626 0.017241
2 0.378966 0.785266 0.018801 0.020376
2 0.339013 0.784091 0.017626 0.018025
2 0.314924 0.813871 0.019976 0.016458
2 0.361927 0.865987 0.021152 0.021944
2 0.353702 0.820925 0.017626 0.021160
2 0.401586 0.814655 0.020564 0.021160
2 0.423913 0.791536 0.019389 0.023511
2 0.430964 0.833856 0.017039 0.021944
2 0.461516 0.793103 0.019389 0.015674
2 0.473854 0.762539 0.018214 0.023511
2 0.443008 0.749608 0.018801 0.018025
2 0.506463 0.757053 0.019976 0.020376
2 0.321680 0.855799 0.021739 0.021944
2 0.401293 0.868730 0.019976 0.022727
2 0.284959 0.789969 0.021152 0.017241
2 0.338719 0.900078 0.021739 0.019592
2 0.377203 0.903997 0.018801 0.021160
