2 0.362475 0.139987 0.022569 0.031621
2 0.407490 0.142457 0.024306 0.031291
2 0.455481 0.136364 0.023065 0.031621
2 0.503224 0.138175 0.022817 0.032609
2 0.552703 0.140646 0.023065 0.033597
2 0.596850 0.135375 0.023562 0.034256
2 0.646825 0.135375 0.021825 0.030303
2 0.692708 0.139493 0.021825 0.028656
2 0.693824 0.203557 0.024554 0.032279
2 0.645337 0.205040 0.023810 0.033267
2 0.599950 0.202899 0.024802 0.032938
2 0.549727 0.202569 0.025050 0.030303
2 0.506076 0.203887 0.021577 0.029644
2 0.454365 0.199440 0.022321 0.029315
2 0.411954 0.204051 0.022321 0.029974
2 0.360987 0.200264 0.024058 0.033597
2 0.362723 0.267128 0.023562 0.030962
2 0.407242 0.268116 0.023810 0.033597
2 0.458085 0.268116 0.022321 0.031621
2 0.501488 0.269433 0.026290 0.030962
2 0.548363 0.268281 0.023810 0.032609
2 0.596726 0.267787 0.022817 0.030962
2 0.644097 0.268610 0.023313 0.031950
2 0.690476 0.271245 0.026786 0.033267
2 0.361111 0.329051 0.022817 0.032938
2 0.404762 0.327899 0.024802 0.031291
2 0.453869 0.325593 0.021329 0.029315
2 0.501364 0.326746 0.021577 0.029644
2 0.550099 0.331028 0.024306 0.032279
2 0.594866 0.330698 0.026042 0.032279
2 0.643105 0.332675 0.021825 0.029644
2 0.690352 0.334980 0.021577 0.029644
2 0.362227 0.389493 0.021577 0.029974
2 0.405630 0.393116 0.022569 0.029974
2 0.453869 0.393939 0.022817 0.028986
2 0.503224 0.394269 0.022321 0.029644
2 0.549851 0.394104 0.025794 0.030632
2 0.593006 0.393939 0.023810 0.031621
2 0.640377 0.392457 0.024306 0.031291
2 0.687872 0.392622 0.024554 0.034914
2 0.686756 0.462780 0.025794 0.032279
2 0.639757 0.459651 0.021577 0.029974
2 0.591890 0.458333 0.021577 0.029974
2 0.546255 0.458169 0.023562 0.029644
2 0.499876 0.457016 0.025050 0.029315
2 0.452505 0.454051 0.024554 0.032609
2 0.405134 0.453393 0.025050 0.035244
2 0.357019 0.452404 0.026538 0.033926
2 0.356027 0.515152 0.022569 0.032279
2 0.404266 0.520916 0.028770 0.033926
2 0.449405 0.517622 0.027282 0.031950
2 0.498636 0.518939 0.025050 0.034585
2 0.545759 0.519598 0.025546 0.035903
2 0.593378 0.521245 0.023562 0.033267
2 0.639633 0.522563 0.023810 0.029974
2 0.686260 0.524045 0.022817 0.030962
2 0.684648 0.584816 0.027530 0.034585
2 0.634549 0.585968 0.026042 0.032279
2 0.589410 0.583169 0.024058 0.032609
2 0.544395 0.582510 0.023810 0.032609
2 0.496652 0.579875 0.026538 0.033926
2 0.449777 0.582839 0.025050 0.032609
2 0.403398 0.577569 0.024058 0.034585
2 0.358631 0.580863 0.026290 0.035244
2 0.354415 0.638834 0.023810 0.033926
2 0.399678 0.640646 0.023562 0.029644
2 0.447793 0.643116 0.024058 0.031291
2 0.499752 0.642128 0.025794 0.033267
2 0.545883 0.642457 0.025298 0.033267
2 0.590278 0.647069 0.023313 0.029974
2 0.634425 0.646245 0.023810 0.032938
2 0.686012 0.652009 0.023810 0.031950
2 0.684648 0.711957 0.023065 0.031950
2 0.635541 0.711298 0.022569 0.030632
2 0.585565 0.709157 0.024306 0.028986
2 0.540179 0.710310 0.023810 0.031291
2 0.494668 0.705369 0.027034 0.030632
2 0.445437 0.706522 0.025794 0.032938
2 0.399802 0.700264 0.025298 0.033597
2 0.353547 0.703228 0.025546 0.031621
2 0.353175 0.762681 0.023810 0.028656
2 0.350942 0.826416 0.028770 0.032279
2 0.399182 0.767128 0.030010 0.032279
2 0.398438 0.828887 0.023562 0.031950
2 0.446553 0.768281 0.023065 0.032609
2 0.445685 0.828393 0.028770 0.034256
2 0.491939 0.829710 0.027530 0.032938
2 0.492932 0.765481 0.030506 0.031621
2 0.538194 0.764657 0.025794 0.037220
2 0.538938 0.832181 0.024306 0.032609
2 0.585938 0.767457 0.025546 0.032279
2 0.583953 0.833498 0.031002 0.032609
2 0.633433 0.834980 0.025794 0.033597
2 0.635417 0.773221 0.022817 0.030632
2 0.682044 0.771904 0.025298 0.034585
2 0.681548 0.834157 0.022321 0.033267
0 0.524182 0.483696 0.473958 0.910079
